AC3Db
MATERIAL "def" rgb 0.72 0.72 0.72  amb 0.8 0.8 0.8  emis 0.08 0.08 0.08  spec 0.2 0.2 0.2  shi 128  trans 0
OBJECT world
kids 1
OBJECT group
name "EdiMadrid8"
kids 1
OBJECT group
name "Default LOD"
kids 1
OBJECT poly
name "POLY_OS=0 HARD= BLEND=yes"
data 95
poly_os=0.000000
blend=-1.000000
hard_surf=
deck=0
mod_lit=0
wall=0
draw_disable=0
manip_type=0
texture "Edificio8_madrid1.png"
crease 45.000000
numvert 85
-32.1723 0 40.3367
-27.3125 30.074 40.6669
-27.3125 31 40.6669
-77.007 31 37.2904
-32.1723 30.074 40.3367
-77.007 0 37.2904
-28.1396 31 52.8398
-77.834 31 49.4633
42.0965 31 56.6437
-7.59795 31 53.2672
-6.77086 31 41.0943
42.9236 31 44.4708
-62.1131 13.768 -32.0473
-62.1131 12.282 -32.0473
-62.3794 12.282 -28.1281
-62.3794 0 -28.1281
-65.4896 13.768 17.6471
-65.4896 0 17.6471
-77.6626 13.768 16.82
-74.2861 13.768 -32.8744
-77.6626 0 16.82
-74.2861 0 -32.8744
-29.0905 31 18.9904
-41.2634 31 18.1633
-37.8869 31 -31.5311
-25.714 31 -30.704
10.3926 31 22.524
-1.78035 31 21.6969
1.59615 31 -27.9975
13.7691 31 -27.1704
15.0951 30.074 -23.1431
13.5028 30.074 -23.2513
13.7691 30.074 -27.1704
15.3614 30.074 -27.0623
-2.85169 30.074 41.3606
-6.77086 30.074 41.0943
-6.66267 30.074 39.502
-2.74348 30.074 39.7682
-60.7871 12.282 -28.02
-60.5208 12.282 -31.9391
-24.388 30.074 -26.6767
-25.9803 30.074 -26.7849
-25.714 30.074 -30.704
-24.1217 30.074 -30.5959
48.6044 30.074 -21.1311
47.0121 30.074 -21.2392
47.2783 30.074 -25.1584
48.8707 30.074 -25.0502
15.3614 0 -27.0623
15.0951 0 -23.1431
-2.74348 0 39.7682
-6.66267 0 39.502
-60.5208 0 -31.9391
-60.7871 0 -28.02
-24.1217 0 -30.5959
-24.388 0 -26.6767
48.8707 0 -25.0502
48.6044 0 -21.1311
43.9018 31 24.536
31.7289 31 23.7089
35.1054 31 -25.9855
47.2783 31 -25.1584
1.59615 0 -27.9975
-7.59795 0 53.2672
-37.8869 0 -31.5311
35.1054 0 -25.9855
-32.0641 0 38.7443
-32.0641 30.074 38.7443
-27.2043 30.074 39.0745
-27.2043 0 39.0745
-27.3125 0 40.6669
-28.1396 0 52.8398
13.5028 0 -23.2513
-2.85169 0 41.3606
-25.9803 0 -26.7849
47.0121 0 -21.2392
-1.78035 0 21.6969
-77.834 0 49.4633
42.0965 0 56.6437
-41.2634 0 18.1633
31.7289 0 23.7089
10.3926 0 22.524
42.9236 0 44.4708
-29.0905 0 18.9904
43.9018 0 24.536
numsurf 242
SURF 0x10
mat 0
refs 3
4 0.515808 0.56546
5 0.629776 0.443527
0 0.515808 0.443527
SURF 0x10
mat 0
refs 3
2 0.628448 0.444214
4 0.640808 0.44046
1 0.628448 0.44046
SURF 0x10
mat 0
refs 3
2 0.628448 0.444214
3 0.754776 0.444214
4 0.640808 0.44046
SURF 0x10
mat 0
refs 3
4 0.515808 0.56546
3 0.629776 0.569214
5 0.629776 0.443527
SURF 0x10
mat 0
refs 3
4 0.515808 0.56546
5 0.629776 0.443527
3 0.629776 0.569214
SURF 0x10
mat 0
refs 3
2 0.628448 0.444214
4 0.640808 0.44046
3 0.754776 0.444214
SURF 0x10
mat 0
refs 3
1 0.628448 0.44046
4 0.640808 0.44046
2 0.628448 0.444214
SURF 0x10
mat 0
refs 3
0 0.515808 0.443527
5 0.629776 0.443527
4 0.515808 0.56546
SURF 0x10
mat 0
refs 3
6 0.818253 0.320908
7 0.818253 0.569061
2 0.880753 0.320908
SURF 0x10
mat 0
refs 3
7 0.818253 0.569061
3 0.880753 0.569061
2 0.880753 0.320908
SURF 0x10
mat 0
refs 3
7 0.818253 0.569061
2 0.880753 0.320908
3 0.880753 0.569061
SURF 0x10
mat 0
refs 3
6 0.818253 0.320908
2 0.880753 0.320908
7 0.818253 0.569061
SURF 0x10
mat 0
refs 3
8 0.884216 0.444183
9 0.884216 0.569183
11 0.915466 0.444183
SURF 0x10
mat 0
refs 3
9 0.884216 0.569183
10 0.915466 0.569183
11 0.915466 0.444183
SURF 0x10
mat 0
refs 3
9 0.884216 0.569183
11 0.915466 0.444183
10 0.915466 0.569183
SURF 0x10
mat 0
refs 3
8 0.884216 0.444183
11 0.915466 0.444183
9 0.884216 0.569183
SURF 0x10
mat 0
refs 3
12 0.62738 0.189865
13 0.62738 0.183121
14 0.617523 0.183121
SURF 0x10
mat 0
refs 3
14 0.742523 0.245621
15 0.742523 0.189865
17 0.62738 0.189865
SURF 0x10
mat 0
refs 3
16 0.62738 0.252365
14 0.742523 0.245621
17 0.62738 0.189865
SURF 0x10
mat 0
refs 3
12 0.75238 0.189865
14 0.742523 0.183121
16 0.62738 0.189865
SURF 0x10
mat 0
refs 3
16 0.62738 0.189865
14 0.742523 0.183121
12 0.75238 0.189865
SURF 0x10
mat 0
refs 3
16 0.62738 0.252365
17 0.62738 0.189865
14 0.742523 0.245621
SURF 0x10
mat 0
refs 3
14 0.742523 0.245621
17 0.62738 0.189865
15 0.742523 0.189865
SURF 0x10
mat 0
refs 3
12 0.62738 0.189865
14 0.617523 0.183121
13 0.62738 0.183121
SURF 0x10
mat 0
refs 3
16 0.249832 0.001144
18 0.249832 0.063644
12 0.499832 0.001144
SURF 0x10
mat 0
refs 3
18 0.249832 0.063644
19 0.499832 0.063644
12 0.499832 0.001144
SURF 0x10
mat 0
refs 3
18 0.249832 0.063644
12 0.499832 0.001144
19 0.499832 0.063644
SURF 0x10
mat 0
refs 3
16 0.249832 0.001144
12 0.499832 0.001144
18 0.249832 0.063644
SURF 0x10
mat 0
refs 3
17 0.817093 0.001404
18 0.785843 0.063904
16 0.817093 0.063904
SURF 0x10
mat 0
refs 3
17 0.817093 0.001404
20 0.785843 0.001404
18 0.785843 0.063904
SURF 0x10
mat 0
refs 3
17 0.817093 0.001404
18 0.785843 0.063904
20 0.785843 0.001404
SURF 0x10
mat 0
refs 3
16 0.817093 0.063904
18 0.785843 0.063904
17 0.817093 0.001404
SURF 0x10
mat 0
refs 3
18 0.628281 0.125122
20 0.628281 0.062622
21 0.503281 0.062622
SURF 0x10
mat 0
refs 3
18 0.628281 0.125122
21 0.503281 0.062622
19 0.503281 0.125122
SURF 0x10
mat 0
refs 3
19 0.503281 0.125122
21 0.503281 0.062622
18 0.628281 0.125122
SURF 0x10
mat 0
refs 3
18 0.628281 0.125122
21 0.503281 0.062622
20 0.628281 0.062622
SURF 0x10
mat 0
refs 3
22 0.250793 0.128281
23 0.250809 0.190781
25 0.500809 0.128281
SURF 0x10
mat 0
refs 3
23 0.250809 0.190781
24 0.500809 0.190781
25 0.500809 0.128281
SURF 0x10
mat 0
refs 3
23 0.250809 0.190781
25 0.500809 0.128281
24 0.500809 0.190781
SURF 0x10
mat 0
refs 3
22 0.250793 0.128281
25 0.500809 0.128281
23 0.250809 0.190781
SURF 0x10
mat 0
refs 3
26 0.130508 0.698395
27 0.161758 0.698395
29 0.130508 0.571884
SURF 0x10
mat 0
refs 3
27 0.161758 0.698395
28 0.161758 0.571884
29 0.130508 0.571884
SURF 0x10
mat 0
refs 3
27 0.161758 0.698395
29 0.130508 0.571884
28 0.161758 0.571884
SURF 0x10
mat 0
refs 3
26 0.130508 0.698395
29 0.130508 0.571884
27 0.161758 0.698395
SURF 0x10
mat 0
refs 3
30 0.870148 0.016479
31 0.862335 0.016479
33 0.870148 0.032104
SURF 0x10
mat 0
refs 3
31 0.862335 0.016479
32 0.862335 0.032104
33 0.870148 0.032104
SURF 0x10
mat 0
refs 3
31 0.862335 0.016479
33 0.870148 0.032104
32 0.862335 0.032104
SURF 0x10
mat 0
refs 3
30 0.870148 0.016479
33 0.870148 0.032104
31 0.862335 0.016479
SURF 0x10
mat 0
refs 3
34 0.862335 0.016479
35 0.862335 0.032104
37 0.870148 0.016479
SURF 0x10
mat 0
refs 3
35 0.862335 0.032104
36 0.870148 0.032104
37 0.870148 0.016479
SURF 0x10
mat 0
refs 3
35 0.862335 0.032104
37 0.870148 0.016479
36 0.870148 0.032104
SURF 0x10
mat 0
refs 3
34 0.862335 0.016479
37 0.870148 0.016479
35 0.862335 0.032104
SURF 0x10
mat 0
refs 3
38 0.870148 0.016479
14 0.862335 0.016479
39 0.870148 0.032104
SURF 0x10
mat 0
refs 3
14 0.862335 0.016479
13 0.862335 0.032104
39 0.870148 0.032104
SURF 0x10
mat 0
refs 3
14 0.862335 0.016479
39 0.870148 0.032104
13 0.862335 0.032104
SURF 0x10
mat 0
refs 3
38 0.870148 0.016479
39 0.870148 0.032104
14 0.862335 0.016479
SURF 0x10
mat 0
refs 3
40 0.870148 0.016479
41 0.862335 0.016479
43 0.870148 0.032104
SURF 0x10
mat 0
refs 3
41 0.862335 0.016479
42 0.862335 0.032104
43 0.870148 0.032104
SURF 0x10
mat 0
refs 3
41 0.862335 0.016479
43 0.870148 0.032104
42 0.862335 0.032104
SURF 0x10
mat 0
refs 3
40 0.870148 0.016479
43 0.870148 0.032104
41 0.862335 0.016479
SURF 0x10
mat 0
refs 3
44 0.870148 0.016479
45 0.862335 0.016479
47 0.870148 0.032104
SURF 0x10
mat 0
refs 3
45 0.862335 0.016479
46 0.862335 0.032104
47 0.870148 0.032104
SURF 0x10
mat 0
refs 3
45 0.862335 0.016479
47 0.870148 0.032104
46 0.862335 0.032104
SURF 0x10
mat 0
refs 3
44 0.870148 0.016479
47 0.870148 0.032104
45 0.862335 0.016479
SURF 0x10
mat 0
refs 3
33 0.835098 0.063477
48 0.835098 0.000977
49 0.819473 0.000977
SURF 0x10
mat 0
refs 3
33 0.835098 0.063477
49 0.819473 0.000977
30 0.819473 0.063477
SURF 0x10
mat 0
refs 3
30 0.819473 0.063477
49 0.819473 0.000977
33 0.835098 0.063477
SURF 0x10
mat 0
refs 3
33 0.835098 0.063477
49 0.819473 0.000977
48 0.835098 0.000977
SURF 0x10
mat 0
refs 3
37 0.819473 0.063477
51 0.835098 0.000977
50 0.819473 0.000977
SURF 0x10
mat 0
refs 3
37 0.819473 0.063477
36 0.835098 0.063477
51 0.835098 0.000977
SURF 0x10
mat 0
refs 3
37 0.819473 0.063477
51 0.835098 0.000977
36 0.835098 0.063477
SURF 0x10
mat 0
refs 3
50 0.819473 0.000977
51 0.835098 0.000977
37 0.819473 0.063477
SURF 0x10
mat 0
refs 3
39 0.835098 0.026505
52 0.835098 0.000977
53 0.819473 0.000977
SURF 0x10
mat 0
refs 3
39 0.835098 0.026505
53 0.819473 0.000977
38 0.819473 0.026505
SURF 0x10
mat 0
refs 3
38 0.819473 0.026505
53 0.819473 0.000977
39 0.835098 0.026505
SURF 0x10
mat 0
refs 3
39 0.835098 0.026505
53 0.819473 0.000977
52 0.835098 0.000977
SURF 0x10
mat 0
refs 3
43 0.835098 0.063477
54 0.835098 0.000977
55 0.819473 0.000977
SURF 0x10
mat 0
refs 3
43 0.835098 0.063477
55 0.819473 0.000977
40 0.819473 0.063477
SURF 0x10
mat 0
refs 3
40 0.819473 0.063477
55 0.819473 0.000977
43 0.835098 0.063477
SURF 0x10
mat 0
refs 3
43 0.835098 0.063477
55 0.819473 0.000977
54 0.835098 0.000977
SURF 0x10
mat 0
refs 3
47 0.835098 0.063477
56 0.835098 0.000977
57 0.819473 0.000977
SURF 0x10
mat 0
refs 3
47 0.835098 0.063477
57 0.819473 0.000977
44 0.819473 0.063477
SURF 0x10
mat 0
refs 3
44 0.819473 0.063477
57 0.819473 0.000977
47 0.835098 0.063477
SURF 0x10
mat 0
refs 3
47 0.835098 0.063477
57 0.819473 0.000977
56 0.835098 0.000977
SURF 0x10
mat 0
refs 3
58 0.001404 0.254883
59 0.001404 0.316208
61 0.251404 0.254883
SURF 0x10
mat 0
refs 3
59 0.001404 0.316208
60 0.251404 0.316208
61 0.251404 0.254883
SURF 0x10
mat 0
refs 3
59 0.001404 0.316208
61 0.251404 0.254883
60 0.251404 0.316208
SURF 0x10
mat 0
refs 3
58 0.001404 0.254883
61 0.251404 0.254883
59 0.001404 0.316208
SURF 0x10
mat 0
refs 3
33 0.032059 0.817505
62 0.063309 0.696243
48 0.032059 0.696243
SURF 0x10
mat 0
refs 3
33 0.032059 0.817505
32 0.035675 0.817505
62 0.063309 0.696243
SURF 0x10
mat 0
refs 3
29 0.004425 0.821243
62 0.032059 0.696243
32 0.004425 0.817505
SURF 0x10
mat 0
refs 3
29 0.004425 0.821243
28 0.032059 0.821243
62 0.032059 0.696243
SURF 0x10
mat 0
refs 3
29 0.004425 0.821243
62 0.032059 0.696243
28 0.032059 0.821243
SURF 0x10
mat 0
refs 3
32 0.004425 0.817505
62 0.032059 0.696243
29 0.004425 0.821243
SURF 0x10
mat 0
refs 3
33 0.032059 0.817505
62 0.063309 0.696243
32 0.035675 0.817505
SURF 0x10
mat 0
refs 3
48 0.032059 0.696243
62 0.063309 0.696243
33 0.032059 0.817505
SURF 0x10
mat 0
refs 3
9 0.063309 0.821243
63 0.063309 0.696243
51 0.032059 0.696243
SURF 0x10
mat 0
refs 3
9 0.063309 0.821243
51 0.032059 0.696243
35 0.035675 0.817505
SURF 0x10
mat 0
refs 3
9 0.032059 0.696243
35 0.004425 0.692505
10 0.004425 0.696243
SURF 0x10
mat 0
refs 3
35 0.035675 0.817505
51 0.032059 0.696243
36 0.032059 0.817505
SURF 0x10
mat 0
refs 3
36 0.032059 0.817505
51 0.032059 0.696243
35 0.035675 0.817505
SURF 0x10
mat 0
refs 3
10 0.004425 0.696243
35 0.004425 0.692505
9 0.032059 0.696243
SURF 0x10
mat 0
refs 3
9 0.063309 0.821243
35 0.035675 0.817505
51 0.032059 0.696243
SURF 0x10
mat 0
refs 3
9 0.063309 0.821243
51 0.032059 0.696243
63 0.063309 0.696243
SURF 0x10
mat 0
refs 3
39 0.032059 0.745758
21 0.063309 0.696243
52 0.032059 0.696243
SURF 0x10
mat 0
refs 3
39 0.032059 0.745758
13 0.035675 0.745758
21 0.063309 0.696243
SURF 0x10
mat 0
refs 3
12 0.004425 0.751755
21 0.032059 0.696243
13 0.004425 0.745758
SURF 0x10
mat 0
refs 3
12 0.004425 0.751755
19 0.032059 0.751755
21 0.032059 0.696243
SURF 0x10
mat 0
refs 3
12 0.004425 0.751755
21 0.032059 0.696243
19 0.032059 0.751755
SURF 0x10
mat 0
refs 3
13 0.004425 0.745758
21 0.032059 0.696243
12 0.004425 0.751755
SURF 0x10
mat 0
refs 3
39 0.032059 0.745758
21 0.063309 0.696243
13 0.035675 0.745758
SURF 0x10
mat 0
refs 3
52 0.032059 0.696243
21 0.063309 0.696243
39 0.032059 0.745758
SURF 0x10
mat 0
refs 3
43 0.032059 0.817505
64 0.063309 0.696243
54 0.032059 0.696243
SURF 0x10
mat 0
refs 3
43 0.032059 0.817505
42 0.035675 0.817505
64 0.063309 0.696243
SURF 0x10
mat 0
refs 3
25 0.004425 0.821243
64 0.032059 0.696243
42 0.004425 0.817505
SURF 0x10
mat 0
refs 3
25 0.004425 0.821243
24 0.032059 0.821243
64 0.032059 0.696243
SURF 0x10
mat 0
refs 3
25 0.004425 0.821243
64 0.032059 0.696243
24 0.032059 0.821243
SURF 0x10
mat 0
refs 3
42 0.004425 0.817505
64 0.032059 0.696243
25 0.004425 0.821243
SURF 0x10
mat 0
refs 3
43 0.032059 0.817505
64 0.063309 0.696243
42 0.035675 0.817505
SURF 0x10
mat 0
refs 3
54 0.032059 0.696243
64 0.063309 0.696243
43 0.032059 0.817505
SURF 0x10
mat 0
refs 3
47 0.032059 0.817505
65 0.063309 0.696243
56 0.032059 0.696243
SURF 0x10
mat 0
refs 3
47 0.032059 0.817505
46 0.035675 0.817505
65 0.063309 0.696243
SURF 0x10
mat 0
refs 3
61 0.004425 0.821243
65 0.032059 0.696243
46 0.004425 0.817505
SURF 0x10
mat 0
refs 3
61 0.004425 0.821243
60 0.032059 0.821243
65 0.032059 0.696243
SURF 0x10
mat 0
refs 3
61 0.004425 0.821243
65 0.032059 0.696243
60 0.032059 0.821243
SURF 0x10
mat 0
refs 3
46 0.004425 0.817505
65 0.032059 0.696243
61 0.004425 0.821243
SURF 0x10
mat 0
refs 3
47 0.032059 0.817505
65 0.063309 0.696243
46 0.035675 0.817505
SURF 0x10
mat 0
refs 3
56 0.032059 0.696243
65 0.063309 0.696243
47 0.032059 0.817505
SURF 0x10
mat 0
refs 3
67 0.011795 0.692566
66 0.011795 0.571289
0 0.015884 0.571289
SURF 0x10
mat 0
refs 3
67 0.011795 0.692566
0 0.015884 0.571289
4 0.015884 0.692566
SURF 0x10
mat 0
refs 3
4 0.015884 0.692566
0 0.015884 0.571289
67 0.011795 0.692566
SURF 0x10
mat 0
refs 3
67 0.011795 0.692566
0 0.015884 0.571289
66 0.011795 0.571289
SURF 0x10
mat 0
refs 3
69 0.001205 0.571289
67 0.013687 0.692566
68 0.001205 0.692566
SURF 0x10
mat 0
refs 3
69 0.001205 0.571289
66 0.013687 0.571289
67 0.013687 0.692566
SURF 0x10
mat 0
refs 3
69 0.001205 0.571289
67 0.013687 0.692566
66 0.013687 0.571289
SURF 0x10
mat 0
refs 3
68 0.001205 0.692566
67 0.013687 0.692566
69 0.001205 0.571289
SURF 0x10
mat 0
refs 3
1 0.02182 0.681427
68 0.025894 0.680984
4 0.022659 0.701019
SURF 0x10
mat 0
refs 3
4 0.022659 0.701019
68 0.025894 0.680984
67 0.026733 0.700577
SURF 0x10
mat 0
refs 3
4 0.022659 0.701019
67 0.026733 0.700577
68 0.025894 0.680984
SURF 0x10
mat 0
refs 3
1 0.02182 0.681427
4 0.022659 0.701019
68 0.025894 0.680984
SURF 0x10
mat 0
refs 3
68 0.032059 0.692795
69 0.032059 0.571533
70 0.028442 0.571533
SURF 0x10
mat 0
refs 3
68 0.063309 0.692795
70 0.059692 0.571533
71 0.032059 0.571533
SURF 0x10
mat 0
refs 3
68 0.063309 0.692795
71 0.032059 0.571533
1 0.059692 0.692795
SURF 0x10
mat 0
refs 3
6 0.032059 0.696533
1 0.059692 0.692795
71 0.032059 0.571533
SURF 0x10
mat 0
refs 3
2 0.059692 0.696533
1 0.059692 0.692795
6 0.032059 0.696533
SURF 0x10
mat 0
refs 3
6 0.032059 0.696533
1 0.059692 0.692795
2 0.059692 0.696533
SURF 0x10
mat 0
refs 3
6 0.032059 0.696533
71 0.032059 0.571533
1 0.059692 0.692795
SURF 0x10
mat 0
refs 3
1 0.059692 0.692795
71 0.032059 0.571533
68 0.063309 0.692795
SURF 0x10
mat 0
refs 3
68 0.063309 0.692795
71 0.032059 0.571533
70 0.059692 0.571533
SURF 0x10
mat 0
refs 3
68 0.032059 0.692795
70 0.028442 0.571533
69 0.032059 0.571533
SURF 0x10
mat 0
refs 3
49 0.860306 0.001175
31 0.856384 0.063675
30 0.860306 0.063675
SURF 0x10
mat 0
refs 3
49 0.860306 0.001175
72 0.856384 0.001175
31 0.856384 0.063675
SURF 0x10
mat 0
refs 3
49 0.860306 0.001175
31 0.856384 0.063675
72 0.856384 0.001175
SURF 0x10
mat 0
refs 3
30 0.860306 0.063675
31 0.856384 0.063675
49 0.860306 0.001175
SURF 0x10
mat 0
refs 3
37 0.860306 0.063675
50 0.860306 0.001175
73 0.856384 0.001175
SURF 0x10
mat 0
refs 3
37 0.860306 0.063675
73 0.856384 0.001175
34 0.856384 0.063675
SURF 0x10
mat 0
refs 3
34 0.856384 0.063675
73 0.856384 0.001175
37 0.860306 0.063675
SURF 0x10
mat 0
refs 3
37 0.860306 0.063675
73 0.856384 0.001175
50 0.860306 0.001175
SURF 0x10
mat 0
refs 3
53 0.860306 0.001175
14 0.856384 0.026703
38 0.860306 0.026703
SURF 0x10
mat 0
refs 3
53 0.860306 0.001175
15 0.856384 0.001175
14 0.856384 0.026703
SURF 0x10
mat 0
refs 3
53 0.860306 0.001175
14 0.856384 0.026703
15 0.856384 0.001175
SURF 0x10
mat 0
refs 3
38 0.860306 0.026703
14 0.856384 0.026703
53 0.860306 0.001175
SURF 0x10
mat 0
refs 3
55 0.860306 0.001175
41 0.856384 0.063675
40 0.860306 0.063675
SURF 0x10
mat 0
refs 3
55 0.860306 0.001175
74 0.856384 0.001175
41 0.856384 0.063675
SURF 0x10
mat 0
refs 3
55 0.860306 0.001175
41 0.856384 0.063675
74 0.856384 0.001175
SURF 0x10
mat 0
refs 3
40 0.860306 0.063675
41 0.856384 0.063675
55 0.860306 0.001175
SURF 0x10
mat 0
refs 3
57 0.860306 0.001175
45 0.856384 0.063675
44 0.860306 0.063675
SURF 0x10
mat 0
refs 3
57 0.860306 0.001175
75 0.856384 0.001175
45 0.856384 0.063675
SURF 0x10
mat 0
refs 3
57 0.860306 0.001175
45 0.856384 0.063675
75 0.856384 0.001175
SURF 0x10
mat 0
refs 3
44 0.860306 0.063675
45 0.856384 0.063675
57 0.860306 0.001175
SURF 0x10
mat 0
refs 3
27 0.25029 0.44487
76 0.25029 0.320938
62 0.12529 0.320938
SURF 0x10
mat 0
refs 3
27 0.25029 0.44487
62 0.12529 0.320938
28 0.12529 0.44487
SURF 0x10
mat 0
refs 3
28 0.12529 0.44487
62 0.12529 0.320938
27 0.25029 0.44487
SURF 0x10
mat 0
refs 3
27 0.25029 0.44487
62 0.12529 0.320938
76 0.25029 0.320938
SURF 0x10
mat 0
refs 3
71 0.25029 0.320938
7 0.12529 0.44487
6 0.25029 0.44487
SURF 0x10
mat 0
refs 3
71 0.25029 0.320938
77 0.12529 0.320938
7 0.12529 0.44487
SURF 0x10
mat 0
refs 3
71 0.25029 0.320938
7 0.12529 0.44487
77 0.12529 0.320938
SURF 0x10
mat 0
refs 3
6 0.25029 0.44487
7 0.12529 0.44487
71 0.25029 0.320938
SURF 0x10
mat 0
refs 3
78 0.25029 0.320938
9 0.12529 0.44487
8 0.25029 0.44487
SURF 0x10
mat 0
refs 3
78 0.25029 0.320938
63 0.12529 0.320938
9 0.12529 0.44487
SURF 0x10
mat 0
refs 3
78 0.25029 0.320938
9 0.12529 0.44487
63 0.12529 0.320938
SURF 0x10
mat 0
refs 3
8 0.25029 0.44487
9 0.12529 0.44487
78 0.25029 0.320938
SURF 0x10
mat 0
refs 3
23 0.25029 0.44487
79 0.25029 0.320938
64 0.12529 0.320938
SURF 0x10
mat 0
refs 3
23 0.25029 0.44487
64 0.12529 0.320938
24 0.12529 0.44487
SURF 0x10
mat 0
refs 3
24 0.12529 0.44487
64 0.12529 0.320938
23 0.25029 0.44487
SURF 0x10
mat 0
refs 3
23 0.25029 0.44487
64 0.12529 0.320938
79 0.25029 0.320938
SURF 0x10
mat 0
refs 3
59 0.25029 0.44487
80 0.25029 0.320938
65 0.12529 0.320938
SURF 0x10
mat 0
refs 3
59 0.25029 0.44487
65 0.12529 0.320938
60 0.12529 0.44487
SURF 0x10
mat 0
refs 3
60 0.12529 0.44487
65 0.12529 0.320938
59 0.25029 0.44487
SURF 0x10
mat 0
refs 3
59 0.25029 0.44487
65 0.12529 0.320938
80 0.25029 0.320938
SURF 0x10
mat 0
refs 3
81 0.097107 0.571594
27 0.065857 0.696594
26 0.097107 0.696594
SURF 0x10
mat 0
refs 3
81 0.097107 0.571594
76 0.065857 0.571594
27 0.065857 0.696594
SURF 0x10
mat 0
refs 3
81 0.097107 0.571594
27 0.065857 0.696594
76 0.065857 0.571594
SURF 0x10
mat 0
refs 3
26 0.097107 0.696594
27 0.065857 0.696594
81 0.097107 0.571594
SURF 0x10
mat 0
refs 3
11 0.097107 0.696594
82 0.097107 0.571594
78 0.065857 0.571594
SURF 0x10
mat 0
refs 3
11 0.097107 0.696594
78 0.065857 0.571594
8 0.065857 0.696594
SURF 0x10
mat 0
refs 3
8 0.065857 0.696594
78 0.065857 0.571594
11 0.097107 0.696594
SURF 0x10
mat 0
refs 3
11 0.097107 0.696594
78 0.065857 0.571594
82 0.097107 0.571594
SURF 0x10
mat 0
refs 3
83 0.097107 0.571594
23 0.065857 0.696594
22 0.097107 0.696594
SURF 0x10
mat 0
refs 3
83 0.097107 0.571594
79 0.065857 0.571594
23 0.065857 0.696594
SURF 0x10
mat 0
refs 3
83 0.097107 0.571594
23 0.065857 0.696594
79 0.065857 0.571594
SURF 0x10
mat 0
refs 3
22 0.097107 0.696594
23 0.065857 0.696594
83 0.097107 0.571594
SURF 0x10
mat 0
refs 3
84 0.097107 0.571594
59 0.065857 0.696594
58 0.097107 0.696594
SURF 0x10
mat 0
refs 3
84 0.097107 0.571594
80 0.065857 0.571594
59 0.065857 0.696594
SURF 0x10
mat 0
refs 3
84 0.097107 0.571594
59 0.065857 0.696594
80 0.065857 0.571594
SURF 0x10
mat 0
refs 3
58 0.097107 0.696594
59 0.065857 0.696594
84 0.097107 0.571594
SURF 0x10
mat 0
refs 3
7 0.096786 0.696442
77 0.096786 0.571442
5 0.065536 0.571442
SURF 0x10
mat 0
refs 3
7 0.096786 0.696442
5 0.065536 0.571442
3 0.065536 0.696442
SURF 0x10
mat 0
refs 3
3 0.065536 0.696442
5 0.065536 0.571442
7 0.096786 0.696442
SURF 0x10
mat 0
refs 3
7 0.096786 0.696442
5 0.065536 0.571442
77 0.096786 0.571442
SURF 0x10
mat 0
refs 3
29 0.377335 0.44429
32 0.377335 0.440567
31 0.367477 0.440567
SURF 0x10
mat 0
refs 3
31 0.492477 0.565567
72 0.492477 0.44429
81 0.377335 0.44429
SURF 0x10
mat 0
refs 3
26 0.377335 0.56929
31 0.492477 0.565567
81 0.377335 0.44429
SURF 0x10
mat 0
refs 3
29 0.502335 0.44429
31 0.492477 0.440567
26 0.377335 0.44429
SURF 0x10
mat 0
refs 3
26 0.377335 0.44429
31 0.492477 0.440567
29 0.502335 0.44429
SURF 0x10
mat 0
refs 3
26 0.377335 0.56929
81 0.377335 0.44429
31 0.492477 0.565567
SURF 0x10
mat 0
refs 3
31 0.492477 0.565567
81 0.377335 0.44429
72 0.492477 0.44429
SURF 0x10
mat 0
refs 3
29 0.377335 0.44429
31 0.367477 0.440567
32 0.377335 0.440567
SURF 0x10
mat 0
refs 3
11 0.377335 0.56929
73 0.492477 0.44429
82 0.377335 0.44429
SURF 0x10
mat 0
refs 3
11 0.377335 0.56929
34 0.492477 0.565567
73 0.492477 0.44429
SURF 0x10
mat 0
refs 3
11 0.377335 0.44429
10 0.502335 0.44429
34 0.492477 0.440567
SURF 0x10
mat 0
refs 3
34 0.367477 0.440567
10 0.377335 0.44429
35 0.377335 0.440567
SURF 0x10
mat 0
refs 3
34 0.367477 0.440567
35 0.377335 0.440567
10 0.377335 0.44429
SURF 0x10
mat 0
refs 3
11 0.377335 0.44429
34 0.492477 0.440567
10 0.502335 0.44429
SURF 0x10
mat 0
refs 3
11 0.377335 0.56929
73 0.492477 0.44429
34 0.492477 0.565567
SURF 0x10
mat 0
refs 3
82 0.377335 0.44429
73 0.492477 0.44429
11 0.377335 0.56929
SURF 0x10
mat 0
refs 3
25 0.377335 0.44429
42 0.377335 0.440567
41 0.367477 0.440567
SURF 0x10
mat 0
refs 3
41 0.492477 0.565567
74 0.492477 0.44429
83 0.377335 0.44429
SURF 0x10
mat 0
refs 3
22 0.377335 0.56929
41 0.492477 0.565567
83 0.377335 0.44429
SURF 0x10
mat 0
refs 3
25 0.502335 0.44429
41 0.492477 0.440567
22 0.377335 0.44429
SURF 0x10
mat 0
refs 3
22 0.377335 0.44429
41 0.492477 0.440567
25 0.502335 0.44429
SURF 0x10
mat 0
refs 3
22 0.377335 0.56929
83 0.377335 0.44429
41 0.492477 0.565567
SURF 0x10
mat 0
refs 3
41 0.492477 0.565567
83 0.377335 0.44429
74 0.492477 0.44429
SURF 0x10
mat 0
refs 3
25 0.377335 0.44429
41 0.367477 0.440567
42 0.377335 0.440567
SURF 0x10
mat 0
refs 3
61 0.377335 0.44429
46 0.377335 0.440567
45 0.367477 0.440567
SURF 0x10
mat 0
refs 3
45 0.492477 0.565567
75 0.492477 0.44429
84 0.377335 0.44429
SURF 0x10
mat 0
refs 3
58 0.377335 0.56929
45 0.492477 0.565567
84 0.377335 0.44429
SURF 0x10
mat 0
refs 3
61 0.502335 0.44429
45 0.492477 0.440567
58 0.377335 0.44429
SURF 0x10
mat 0
refs 3
58 0.377335 0.44429
45 0.492477 0.440567
61 0.502335 0.44429
SURF 0x10
mat 0
refs 3
58 0.377335 0.56929
84 0.377335 0.44429
45 0.492477 0.565567
SURF 0x10
mat 0
refs 3
45 0.492477 0.565567
84 0.377335 0.44429
75 0.492477 0.44429
SURF 0x10
mat 0
refs 3
61 0.377335 0.44429
45 0.367477 0.440567
46 0.377335 0.440567
kids 0
