AC3Db
MATERIAL "def" rgb 0.72 0.72 0.72  amb 0.8 0.8 0.8  emis 0.08 0.08 0.08  spec 0.2 0.2 0.2  shi 128  trans 0
OBJECT world
kids 1
OBJECT group
name "FaroMoncloa"
kids 1
OBJECT group
name "Default LOD"
kids 1
OBJECT poly
name "POLY_OS=0 HARD= BLEND=yes"
data 95
poly_os=0.000000
blend=-1.000000
hard_surf=
deck=0
mod_lit=0
wall=0
draw_disable=0
manip_type=0
texture "FaroMoncloa_madrid1.png"
crease 45.000000
numvert 361
-23.6047 84.735 12.6152
-23.6047 84.03 12.6152
-26.646 84.03 11.734
-26.646 84.735 11.734
-29.4005 84.03 10.1724
-29.4005 84.735 10.1724
-31.7185 84.03 8.01537
-31.7185 84.735 8.01537
-33.474 84.03 5.38014
-33.474 84.735 5.38014
-34.5714 84.03 2.41002
-34.5714 84.735 2.41002
-23.6951 84.03 -14.1585
-23.6951 84.735 -14.1585
-26.7303 84.735 -13.2568
-26.7303 84.03 -13.2568
-34.9512 84.03 -0.733505
-34.9512 84.735 -0.733505
-29.4743 84.735 -11.6767
-29.4743 84.03 -11.6767
-34.5926 84.03 -3.87953
-34.5926 84.735 -3.87953
-31.7777 84.735 -9.50401
-31.7777 84.03 -9.50401
-33.5153 84.03 -6.857
-33.5153 84.735 -6.857
-24.0248 84.735 -12.1859
-24.0248 84.03 -12.1859
-26.4634 84.03 -11.2843
-26.4634 84.735 -11.2843
-28.6443 84.03 -9.8689
-28.6443 84.735 -9.8689
-30.4609 84.03 -8.00893
-30.4609 84.735 -8.00893
-31.8244 84.03 -5.79526
-31.8244 84.735 -5.79526
-32.6683 84.03 -3.33611
-32.6683 84.735 -3.33611
-23.9854 84.03 10.6518
-23.9854 84.735 10.6518
-26.4271 84.735 9.75858
-26.4271 84.03 9.75858
-32.9512 84.03 -0.751633
-32.9512 84.735 -0.751633
-28.6128 84.735 8.35072
-28.6128 84.03 8.35072
-32.6594 84.03 1.83186
-32.6594 84.735 1.83186
-30.4359 84.03 6.49703
-30.4359 84.735 6.49703
-31.807 84.03 4.28809
-31.807 84.735 4.28809
-22.8775 81.671 -1.39085
-22.8775 80.083 -1.39085
-22.8775 81.671 0.634323
-22.8775 0 0.634323
-22.8775 0 -1.39085
-23.9922 90.318 -1.37827
-23.9922 110 -1.37827
-23.9922 90.318 0.621735
-23.9922 110 0.621735
-25.9922 110 -1.37827
-25.9922 90.318 -1.37827
-25.9922 90.318 0.621735
-25.9922 110 0.621735
-25.7964 77.912 2.12286
-24.1881 77.912 2.12286
-25.7964 0 2.12286
-24.1881 0 2.12286
-27.1892 89.3784 1.81873
-27.2135 88.9355 3.81857
-27.1892 83.334 1.81873
-27.2135 83.334 3.81857
-27.2135 88.7298 5.0451
-27.2135 83.334 5.0451
-27.2117 89.0642 -4.57512
-27.1892 89.3784 -2.57526
-27.2117 83.334 -4.57512
-27.1892 83.334 -2.57526
-27.2117 88.3893 -7.62604
-27.2117 83.334 -7.62604
-23.5302 82.734 -15.1448
-27.2117 82.0195 -12.2962
-27.2117 82.734 -15.1448
-24.5224 82.0195 -12.2962
-23.6898 82.4827 -14.1902
-24.0089 81.98 -12.2809
-27.2117 80.083 -4.57512
-25.2135 80.083 -5.07512
-21.1393 82.0585 -12.5904
-24.2698 80.4481 -5.09302
-20.9503 82.1255 -12.4805
-23.7675 80.4476 -4.95825
-17.9715 82.1731 -11.9294
-17.8521 82.1565 -11.8392
-23.3057 80.3718 -4.55754
-22.7567 80.4163 -4.50302
-15.1239 82.1935 -10.4946
-15.0276 82.1794 -10.3822
-22.0741 80.4231 -4.25549
-12.7641 82.2071 -8.34357
-21.497 80.4694 -4.02844
-12.6933 82.1952 -8.21356
-20.9055 80.4781 -3.63002
-11.07 82.2143 -5.63622
-20.3652 80.5247 -3.20963
-11.0269 82.2042 -5.49313
-19.9551 80.5245 -2.67294
-10.1677 82.2154 -2.57506
-19.6951 80.5411 -2.06995
-10.1609 82.2445 -2.42462
-19.5868 80.677 -1.442
-19.5868 80.677 0.50592
-10.1609 82.2445 -1.96104
-19.5868 80.6768 0.650253
-10.1609 82.2425 0.956345
-10.1697 82.2129 1.07657
-19.6915 80.5412 1.15401
-19.9154 80.5305 1.77216
-11.0297 82.197 3.99506
-20.3323 80.5293 2.30573
-11.064 82.2089 4.13841
-20.8492 80.4876 2.76157
-12.6989 82.1822 6.71025
-21.4463 80.4774 3.15794
-12.7621 82.1962 6.84306
-22.0148 80.4349 3.42337
-15.0317 82.1603 8.87115
-22.7004 80.4266 3.66746
-15.1225 82.1768 8.98843
-23.2538 80.3847 3.75694
-17.8478 82.1306 10.3194
-24.5028 81.9745 10.7954
-27.2135 82.734 13.5969
-27.2135 81.9745 10.7954
-23.4143 82.734 13.5969
-17.9648 82.15 10.4157
-23.7017 80.4626 4.14043
-27.2135 80.083 3.81857
-23.5976 82.4639 12.6517
-23.9642 81.9238 10.7612
-24.2134 80.4681 4.30518
-20.9284 82.0922 10.9543
-25.2135 80.083 4.31857
-21.1345 82.0198 11.0861
-20.1317 82.4959 12.7498
-20.0631 82.5201 12.7059
-16.6412 82.5393 11.8636
-16.6022 82.5328 11.8315
-13.5142 82.5483 10.1177
-13.4839 82.5428 10.0786
-10.9508 82.5547 7.61166
-10.9297 82.5501 7.5674
-9.13226 82.559 4.52039
-9.12083 82.555 4.4726
-8.19994 82.5588 1.06055
-8.20018 82.5682 1.02
-8.19832 82.5708 -2.47469
-8.19832 82.5685 1.02006
-20.2106 82.5089 -14.3035
-8.19832 82.5708 -2.6292
-20.1476 82.5312 -14.2669
-8.20061 82.5612 -2.67935
-16.7154 82.547 -13.4401
-9.1497 82.5574 -6.08607
-16.6756 82.5415 -13.41
-9.16408 82.5608 -6.13376
-13.5764 82.5538 -11.7094
-10.9753 82.5544 -9.17244
-13.5444 82.5492 -11.6719
-10.9989 82.5584 -9.21577
-23.4387 80.083 -3.06902
-22.7953 0 -2.57526
-23.4387 0 -3.06902
-22.7953 80.083 -2.57526
-23.4387 89.3784 -3.06902
-22.7953 89.3784 -2.57526
-23.4387 90.318 -3.06902
-22.7953 90.318 -2.57526
-22.3015 90.318 -1.93176
-22.3015 89.3784 -1.93176
-22.3015 80.083 -1.93176
-22.3015 0 -1.93176
-24.1881 77.912 -3.3794
-24.1881 77.912 -2.8794
-24.1881 0 -3.3794
-24.1881 0 -2.8794
-24.1881 80.083 -3.3794
-24.787 88.3542 -7.62604
-23.5842 86.5158 -14.1796
-23.6879 86.5521 -14.2016
-25.2135 89.0642 -5.07512
-24.1881 89.3784 -3.3794
-24.1881 90.318 -3.3794
-22.0775 80.083 -1.39085
-22.0775 0 -1.39085
-21.9911 90.318 -1.18242
-21.9911 89.3784 -1.18242
-25.7964 77.912 -2.8794
-25.7964 0 -2.8794
-24.9922 77.912 -3.48528
-25.7964 77.912 -3.3794
-24.9922 80.083 -3.48528
-24.787 83.334 -7.62604
-23.5302 86.26 -15.1448
-23.7482 83.334 -13.8407
-23.9717 83.334 -12.5037
-25.2135 83.334 -5.07512
-24.9922 89.3784 -3.48528
-24.9922 90.318 -3.48528
-21.8852 90.318 -0.378265
-21.8852 89.3784 -0.378265
-21.9382 89.3784 -0.780334
-21.9911 81.671 -1.18242
-22.0775 81.671 -1.39085
-25.7964 0 -3.3794
-25.7964 80.083 -3.3794
-27.2117 83.334 -15.1448
-23.5302 83.334 -15.1448
-25.1534 83.334 -13.4232
-27.2117 83.334 -12.6369
-26.6876 83.334 -12.9387
-27.2117 83.334 -11.1622
-27.2117 82.734 -12.3311
-27.2117 82.734 -11.4592
-26.5067 83.334 -11.6018
-25.3777 83.334 -12.0192
-23.794 82.734 -13.5667
-23.9259 82.734 -12.7777
-25.7964 89.3784 -3.3794
-25.7964 90.318 -3.3794
-21.9911 90.318 0.425888
-21.9911 89.3784 0.425888
-21.8852 81.671 -0.378265
-26.5457 80.083 -3.06902
-26.5457 0 -3.06902
-27.1892 80.083 -2.57526
-26.5457 89.3784 -3.06902
-26.5457 90.318 -3.06902
-22.3015 90.318 1.17523
-22.3015 89.3784 1.17523
-21.9911 81.671 0.425888
-27.1892 0 -2.57526
-27.1892 90.318 -2.57526
-22.7953 90.318 1.81873
-22.7953 89.3784 1.81873
-22.0775 81.671 0.634323
-22.3015 80.083 1.17523
-22.0775 80.083 0.634323
-27.683 90.318 -1.93176
-27.683 0 -1.93176
-23.4387 90.318 2.31248
-23.4387 89.3784 2.31248
-22.7953 80.083 1.81873
-22.3015 0 1.17523
-22.0775 0 0.634323
-27.9934 90.318 -1.18242
-27.9934 0 -1.18242
-24.1881 90.318 2.62286
-24.1881 89.3784 2.62286
-23.4387 80.083 2.31248
-22.7953 0 1.81873
-28.0463 83.155 -0.780334
-28.0992 90.318 -0.378265
-28.0463 80.083 -0.780334
-28.0992 80.083 -0.378265
-28.0992 0 -0.378265
-28.0992 83.155 -0.378265
-24.9922 90.318 2.72873
-24.9922 89.3784 2.72873
-24.1881 80.083 2.62286
-23.4387 0 2.31248
-28.0463 80.083 0.023804
-27.9934 90.318 0.425888
-28.0463 83.155 0.023804
-27.9934 0 0.425888
-25.0726 88.7298 5.0451
-25.0726 83.334 5.0451
-23.4143 86.26 13.5969
-23.5951 86.5733 12.6646
-23.9241 83.334 10.9681
-23.666 83.334 12.2989
-25.7964 90.318 2.62286
-25.7964 89.3784 2.62286
-24.9922 80.083 2.72873
-24.1881 0 2.62286
-24.1881 77.912 2.62286
-26.5457 90.318 2.31248
-26.5457 89.3784 2.31248
-27.683 90.318 1.17523
-27.683 0 1.17523
-27.1892 90.318 1.81873
-23.4143 83.334 13.5969
-27.2135 83.334 13.5969
-25.2135 83.334 4.31857
-26.4627 83.334 10.0765
-27.2135 83.334 9.61313
-25.3323 83.334 10.49
-27.2135 83.334 11.0739
-27.2135 82.734 9.90616
-27.2135 82.734 10.7697
-26.6111 83.334 11.4154
-25.074 83.334 11.8909
-23.7189 82.734 12.0262
-23.8712 82.734 11.2408
-25.7964 80.083 2.62286
-24.9922 77.912 2.72873
-25.7964 77.912 2.62286
-25.7964 0 2.62286
-26.5457 80.083 2.31248
-27.1892 80.083 1.81873
-27.1892 0 1.81873
-26.5457 0 2.31248
-19.7463 82.734 -15.1601
-19.7463 86.26 -15.1601
-16.0873 82.734 -14.1955
-16.0873 86.26 -14.1955
-12.8027 82.734 -12.3167
-12.8027 86.26 -12.3167
-10.1163 82.734 -9.65189
-10.1163 86.26 -9.65189
-8.21114 86.26 -6.38254
-8.21114 82.734 -6.38254
-7.21704 86.26 -2.73151
-7.21704 82.734 -2.73151
-7.20178 86.26 1.05243
-7.20178 82.734 1.05243
-8.1664 86.26 4.71137
-8.1664 82.734 4.71137
-19.6304 86.26 13.5816
-19.6304 82.734 13.5816
-10.0452 86.26 7.99597
-10.0452 82.734 7.99597
-15.9793 86.26 12.5876
-15.9793 82.734 12.5876
-12.71 86.26 10.6824
-12.71 82.734 10.6824
-20.0887 86.5004 -14.2518
-20.0298 86.4995 -14.2315
-16.6241 86.4877 -13.3831
-16.5743 86.4864 -13.3519
-13.5015 86.4781 -11.6355
-13.4617 86.4763 -11.5963
-10.942 86.4713 -9.12878
-10.9124 86.4691 -9.08405
-9.12643 86.4672 -6.03713
-9.11717 86.4658 -6.01277
-8.18721 86.4655 -2.60291
-8.18335 86.4654 -2.57648
-8.17555 86.4668 0.95755
-9.08336 86.4684 4.37117
-9.10013 86.4706 4.42192
-10.87 86.4753 7.47325
-10.8981 86.477 7.52129
-13.402 86.485 9.99646
-13.4417 86.4862 10.0394
-16.4988 86.4977 11.7668
-16.5499 86.4985 11.8017
-19.9401 86.5136 12.6653
-20.0018 86.5141 12.6886
-23.482 86.5327 12.6372
numsurf 642
SURF 0x10
mat 0
refs 3
1 0.912247 0.0009
3 0.840637 0.016632
0 0.912247 0.016632
SURF 0x10
mat 0
refs 3
1 0.912247 0.0009
2 0.840637 0.0009
3 0.840637 0.016632
SURF 0x10
mat 0
refs 3
1 0.912247 0.0009
3 0.840637 0.016632
2 0.840637 0.0009
SURF 0x10
mat 0
refs 3
0 0.912247 0.016632
3 0.840637 0.016632
1 0.912247 0.0009
SURF 0x10
mat 0
refs 3
2 0.910934 0.0009
5 0.839325 0.016632
3 0.910934 0.016632
SURF 0x10
mat 0
refs 3
2 0.910934 0.0009
4 0.839325 0.0009
5 0.839325 0.016632
SURF 0x10
mat 0
refs 3
2 0.910934 0.0009
5 0.839325 0.016632
4 0.839325 0.0009
SURF 0x10
mat 0
refs 3
3 0.910934 0.016632
5 0.839325 0.016632
2 0.910934 0.0009
SURF 0x10
mat 0
refs 3
4 0.909637 0.0009
7 0.838013 0.016632
5 0.909637 0.016632
SURF 0x10
mat 0
refs 3
4 0.909637 0.0009
6 0.838013 0.0009
7 0.838013 0.016632
SURF 0x10
mat 0
refs 3
4 0.909637 0.0009
7 0.838013 0.016632
6 0.838013 0.0009
SURF 0x10
mat 0
refs 3
5 0.909637 0.016632
7 0.838013 0.016632
4 0.909637 0.0009
SURF 0x10
mat 0
refs 3
7 0.908325 0.016632
6 0.908325 0.0009
8 0.8367 0.0009
SURF 0x10
mat 0
refs 3
7 0.908325 0.016632
8 0.8367 0.0009
9 0.8367 0.016632
SURF 0x10
mat 0
refs 3
9 0.8367 0.016632
8 0.8367 0.0009
7 0.908325 0.016632
SURF 0x10
mat 0
refs 3
7 0.908325 0.016632
8 0.8367 0.0009
6 0.908325 0.0009
SURF 0x10
mat 0
refs 3
9 0.907013 0.016632
8 0.907013 0.0009
10 0.835388 0.0009
SURF 0x10
mat 0
refs 3
9 0.907013 0.016632
10 0.835388 0.0009
11 0.835388 0.016632
SURF 0x10
mat 0
refs 3
11 0.835388 0.016632
10 0.835388 0.0009
9 0.907013 0.016632
SURF 0x10
mat 0
refs 3
9 0.907013 0.016632
10 0.835388 0.0009
8 0.907013 0.0009
SURF 0x10
mat 0
refs 3
13 0.841858 0.016632
15 0.913483 0.0009
12 0.841858 0.0009
SURF 0x10
mat 0
refs 3
13 0.841858 0.016632
14 0.913483 0.016632
15 0.913483 0.0009
SURF 0x10
mat 0
refs 3
13 0.841858 0.016632
15 0.913483 0.0009
14 0.913483 0.016632
SURF 0x10
mat 0
refs 3
12 0.841858 0.0009
15 0.913483 0.0009
13 0.841858 0.016632
SURF 0x10
mat 0
refs 3
11 0.913513 0.016632
10 0.913513 0.0009
16 0.841904 0.0009
SURF 0x10
mat 0
refs 3
11 0.913513 0.016632
16 0.841904 0.0009
17 0.841904 0.016632
SURF 0x10
mat 0
refs 3
17 0.841904 0.016632
16 0.841904 0.0009
11 0.913513 0.016632
SURF 0x10
mat 0
refs 3
11 0.913513 0.016632
16 0.841904 0.0009
10 0.913513 0.0009
SURF 0x10
mat 0
refs 3
14 0.835342 0.016632
19 0.906982 0.0009
15 0.835342 0.0009
SURF 0x10
mat 0
refs 3
14 0.835342 0.016632
18 0.906982 0.016632
19 0.906982 0.0009
SURF 0x10
mat 0
refs 3
14 0.835342 0.016632
19 0.906982 0.0009
18 0.906982 0.016632
SURF 0x10
mat 0
refs 3
15 0.835342 0.0009
19 0.906982 0.0009
14 0.835342 0.016632
SURF 0x10
mat 0
refs 3
17 0.912216 0.016632
16 0.912216 0.0009
20 0.840591 0.0009
SURF 0x10
mat 0
refs 3
17 0.912216 0.016632
20 0.840591 0.0009
21 0.840591 0.016632
SURF 0x10
mat 0
refs 3
21 0.840591 0.016632
20 0.840591 0.0009
17 0.912216 0.016632
SURF 0x10
mat 0
refs 3
17 0.912216 0.016632
20 0.840591 0.0009
16 0.912216 0.0009
SURF 0x10
mat 0
refs 3
18 0.836655 0.016632
23 0.908279 0.0009
19 0.836655 0.0009
SURF 0x10
mat 0
refs 3
18 0.836655 0.016632
22 0.908279 0.016632
23 0.908279 0.0009
SURF 0x10
mat 0
refs 3
18 0.836655 0.016632
23 0.908279 0.0009
22 0.908279 0.016632
SURF 0x10
mat 0
refs 3
19 0.836655 0.0009
23 0.908279 0.0009
18 0.836655 0.016632
SURF 0x10
mat 0
refs 3
21 0.910904 0.016632
20 0.910904 0.0009
24 0.839279 0.0009
SURF 0x10
mat 0
refs 3
21 0.910904 0.016632
24 0.839279 0.0009
25 0.839279 0.016632
SURF 0x10
mat 0
refs 3
25 0.839279 0.016632
24 0.839279 0.0009
21 0.910904 0.016632
SURF 0x10
mat 0
refs 3
21 0.910904 0.016632
24 0.839279 0.0009
20 0.910904 0.0009
SURF 0x10
mat 0
refs 3
25 0.909592 0.016632
24 0.909592 0.0009
23 0.837967 0.0009
SURF 0x10
mat 0
refs 3
25 0.909592 0.016632
23 0.837967 0.0009
22 0.837967 0.016632
SURF 0x10
mat 0
refs 3
22 0.837967 0.016632
23 0.837967 0.0009
25 0.909592 0.016632
SURF 0x10
mat 0
refs 3
25 0.909592 0.016632
23 0.837967 0.0009
24 0.909592 0.0009
SURF 0x10
mat 0
refs 3
27 0.896606 0.0009
29 0.838013 0.016632
26 0.896606 0.016632
SURF 0x10
mat 0
refs 3
27 0.896606 0.0009
28 0.838013 0.0009
29 0.838013 0.016632
SURF 0x10
mat 0
refs 3
27 0.896606 0.0009
29 0.838013 0.016632
28 0.838013 0.0009
SURF 0x10
mat 0
refs 3
26 0.896606 0.016632
29 0.838013 0.016632
27 0.896606 0.0009
SURF 0x10
mat 0
refs 3
28 0.900513 0.0009
31 0.841904 0.016632
29 0.900513 0.016632
SURF 0x10
mat 0
refs 3
28 0.900513 0.0009
30 0.841904 0.0009
31 0.841904 0.016632
SURF 0x10
mat 0
refs 3
28 0.900513 0.0009
31 0.841904 0.016632
30 0.841904 0.0009
SURF 0x10
mat 0
refs 3
29 0.900513 0.016632
31 0.841904 0.016632
28 0.900513 0.0009
SURF 0x10
mat 0
refs 3
31 0.896606 0.016632
30 0.896606 0.0009
32 0.837997 0.0009
SURF 0x10
mat 0
refs 3
31 0.896606 0.016632
32 0.837997 0.0009
33 0.837997 0.016632
SURF 0x10
mat 0
refs 3
33 0.837997 0.016632
32 0.837997 0.0009
31 0.896606 0.016632
SURF 0x10
mat 0
refs 3
31 0.896606 0.016632
32 0.837997 0.0009
30 0.896606 0.0009
SURF 0x10
mat 0
refs 3
33 0.900497 0.016632
32 0.900497 0.0009
34 0.841904 0.0009
SURF 0x10
mat 0
refs 3
33 0.900497 0.016632
34 0.841904 0.0009
35 0.841904 0.016632
SURF 0x10
mat 0
refs 3
35 0.841904 0.016632
34 0.841904 0.0009
33 0.900497 0.016632
SURF 0x10
mat 0
refs 3
33 0.900497 0.016632
34 0.841904 0.0009
32 0.900497 0.0009
SURF 0x10
mat 0
refs 3
35 0.896591 0.016632
34 0.896591 0.0009
36 0.837997 0.0009
SURF 0x10
mat 0
refs 3
35 0.896591 0.016632
36 0.837997 0.0009
37 0.837997 0.016632
SURF 0x10
mat 0
refs 3
37 0.837997 0.016632
36 0.837997 0.0009
35 0.896591 0.016632
SURF 0x10
mat 0
refs 3
35 0.896591 0.016632
36 0.837997 0.0009
34 0.896591 0.0009
SURF 0x10
mat 0
refs 3
39 0.841858 0.016632
41 0.900467 0.0009
38 0.841858 0.0009
SURF 0x10
mat 0
refs 3
39 0.841858 0.016632
40 0.900467 0.016632
41 0.900467 0.0009
SURF 0x10
mat 0
refs 3
39 0.841858 0.016632
41 0.900467 0.0009
40 0.900467 0.016632
SURF 0x10
mat 0
refs 3
38 0.841858 0.0009
41 0.900467 0.0009
39 0.841858 0.016632
SURF 0x10
mat 0
refs 3
37 0.900497 0.016632
36 0.900497 0.0009
42 0.841888 0.0009
SURF 0x10
mat 0
refs 3
37 0.900497 0.016632
42 0.841888 0.0009
43 0.841888 0.016632
SURF 0x10
mat 0
refs 3
43 0.841888 0.016632
42 0.841888 0.0009
37 0.900497 0.016632
SURF 0x10
mat 0
refs 3
37 0.900497 0.016632
42 0.841888 0.0009
36 0.900497 0.0009
SURF 0x10
mat 0
refs 3
40 0.837967 0.016632
45 0.896561 0.0009
41 0.837967 0.0009
SURF 0x10
mat 0
refs 3
40 0.837967 0.016632
44 0.896561 0.016632
45 0.896561 0.0009
SURF 0x10
mat 0
refs 3
40 0.837967 0.016632
45 0.896561 0.0009
44 0.896561 0.016632
SURF 0x10
mat 0
refs 3
41 0.837967 0.0009
45 0.896561 0.0009
40 0.837967 0.016632
SURF 0x10
mat 0
refs 3
43 0.896576 0.016632
42 0.896576 0.0009
46 0.837982 0.0009
SURF 0x10
mat 0
refs 3
43 0.896576 0.016632
46 0.837982 0.0009
47 0.837982 0.016632
SURF 0x10
mat 0
refs 3
47 0.837982 0.016632
46 0.837982 0.0009
43 0.896576 0.016632
SURF 0x10
mat 0
refs 3
43 0.896576 0.016632
46 0.837982 0.0009
42 0.896576 0.0009
SURF 0x10
mat 0
refs 3
49 0.900467 0.016632
48 0.900467 0.0009
45 0.841873 0.0009
SURF 0x10
mat 0
refs 3
49 0.900467 0.016632
45 0.841873 0.0009
44 0.841873 0.016632
SURF 0x10
mat 0
refs 3
44 0.841873 0.016632
45 0.841873 0.0009
49 0.900467 0.016632
SURF 0x10
mat 0
refs 3
49 0.900467 0.016632
45 0.841873 0.0009
48 0.900467 0.0009
SURF 0x10
mat 0
refs 3
47 0.900482 0.016632
46 0.900482 0.0009
50 0.841873 0.0009
SURF 0x10
mat 0
refs 3
47 0.900482 0.016632
50 0.841873 0.0009
51 0.841873 0.016632
SURF 0x10
mat 0
refs 3
51 0.841873 0.016632
50 0.841873 0.0009
47 0.900482 0.016632
SURF 0x10
mat 0
refs 3
47 0.900482 0.016632
50 0.841873 0.0009
46 0.900482 0.0009
SURF 0x10
mat 0
refs 3
51 0.896576 0.016632
50 0.896576 0.0009
48 0.837967 0.0009
SURF 0x10
mat 0
refs 3
51 0.896576 0.016632
48 0.837967 0.0009
49 0.837967 0.016632
SURF 0x10
mat 0
refs 3
49 0.837967 0.016632
48 0.837967 0.0009
51 0.896576 0.016632
SURF 0x10
mat 0
refs 3
51 0.896576 0.016632
48 0.837967 0.0009
50 0.896576 0.0009
SURF 0x10
mat 0
refs 3
54 0 30.1362
53 1 29.7381
52 1 30.1362
SURF 0x10
mat 0
refs 3
54 0 30.1362
56 1 9.66451
53 1 29.7381
SURF 0x10
mat 0
refs 3
54 0 30.1362
55 0 9.66451
56 1 9.66451
SURF 0x10
mat 0
refs 3
58 0.497559 0.321838
57 0.497559 0.267105
59 0.489746 0.267105
SURF 0x10
mat 0
refs 3
58 0.497559 0.321838
59 0.489746 0.267105
60 0.489746 0.321838
SURF 0x10
mat 0
refs 3
60 0.489746 0.321838
59 0.489746 0.267105
58 0.497559 0.321838
SURF 0x10
mat 0
refs 3
58 0.497559 0.321838
59 0.489746 0.267105
57 0.497559 0.267105
SURF 0x10
mat 0
refs 3
58 0.497498 0.321838
62 0.50531 0.267105
57 0.497498 0.267105
SURF 0x10
mat 0
refs 3
58 0.497498 0.321838
61 0.50531 0.321838
62 0.50531 0.267105
SURF 0x10
mat 0
refs 3
58 0.489746 0.321838
62 0.497559 0.267105
61 0.497559 0.321838
SURF 0x10
mat 0
refs 3
57 0.489746 0.267105
62 0.497559 0.267105
58 0.489746 0.321838
SURF 0x10
mat 0
refs 3
59 0.497559 0.267105
64 0.489746 0.321838
60 0.497559 0.321838
SURF 0x10
mat 0
refs 3
59 0.497559 0.267105
63 0.489746 0.267105
64 0.489746 0.321838
SURF 0x10
mat 0
refs 3
59 0.497559 0.267105
64 0.489746 0.321838
63 0.489746 0.267105
SURF 0x10
mat 0
refs 3
60 0.497559 0.321838
64 0.489746 0.321838
59 0.497559 0.267105
SURF 0x10
mat 0
refs 3
64 0.497559 0.321838
63 0.497559 0.267105
62 0.489746 0.267105
SURF 0x10
mat 0
refs 3
64 0.497559 0.321838
62 0.489746 0.267105
61 0.489746 0.321838
SURF 0x10
mat 0
refs 3
61 0.489746 0.321838
62 0.489746 0.267105
64 0.497559 0.321838
SURF 0x10
mat 0
refs 3
64 0.497559 0.321838
62 0.489746 0.267105
63 0.497559 0.267105
SURF 0x10
mat 0
refs 3
66 0.171448 0.624466
65 0.155823 0.624466
67 0.155823 0.031738
SURF 0x10
mat 0
refs 3
66 0.171448 0.624466
67 0.155823 0.031738
68 0.171448 0.031738
SURF 0x10
mat 0
refs 3
69 0.174316 0.380066
71 0.174316 0.301666
70 0.199905 0.374313
SURF 0x10
mat 0
refs 3
70 0.199905 0.374313
71 0.174316 0.301666
72 0.199905 0.301666
SURF 0x10
mat 0
refs 3
70 0.199905 0.374313
72 0.199905 0.301666
73 0.215591 0.371643
SURF 0x10
mat 0
refs 3
73 0.215591 0.371643
72 0.199905 0.301666
74 0.215591 0.301666
SURF 0x10
mat 0
refs 3
76 0.488144 0.126785
75 0.463257 0.122818
77 0.463257 0.050522
SURF 0x10
mat 0
refs 3
76 0.488144 0.126785
77 0.463257 0.050522
78 0.488144 0.050522
SURF 0x10
mat 0
refs 3
75 0.463257 0.122803
79 0.425293 0.114304
80 0.425293 0.050507
SURF 0x10
mat 0
refs 3
75 0.463257 0.122803
80 0.425293 0.050507
77 0.463257 0.050522
SURF 0x10
mat 0
refs 3
84 0.390045 0.015503
83 0.409286 0.001083
81 0.408447 0.021637
SURF 0x10
mat 0
refs 3
82 0.390656 0.000504
83 0.409286 0.001083
84 0.390045 0.015503
SURF 0x10
mat 0
refs 3
84 0.390045 0.015503
81 0.408447 0.021637
85 0.402206 0.020538
SURF 0x10
mat 0
refs 3
86 0.389755 0.018372
84 0.390045 0.015503
85 0.402206 0.020538
SURF 0x10
mat 0
refs 3
87 0.331223 0.124619
82 0.392303 0.126556
84 0.391556 0.144714
SURF 0x10
mat 0
refs 3
88 0.334381 0.013245
84 0.391556 0.019714
86 0.391235 0.023178
SURF 0x10
mat 0
refs 3
87 0.331223 0.124619
84 0.391556 0.144714
88 0.334381 0.138245
SURF 0x10
mat 0
refs 3
88 0.334381 0.013245
86 0.391235 0.023178
89 0.392883 0.042618
SURF 0x10
mat 0
refs 3
90 0.334686 0.020081
89 0.392883 0.042618
91 0.392075 0.043991
SURF 0x10
mat 0
refs 3
88 0.334381 0.013245
89 0.392883 0.042618
90 0.334686 0.020081
SURF 0x10
mat 0
refs 3
90 0.334686 0.020081
91 0.392075 0.043991
93 0.387344 0.064026
SURF 0x10
mat 0
refs 3
92 0.333557 0.023453
90 0.334686 0.020081
93 0.387344 0.064026
SURF 0x10
mat 0
refs 3
92 0.333557 0.023453
93 0.387344 0.064026
94 0.386627 0.064804
SURF 0x10
mat 0
refs 3
95 0.330338 0.026489
92 0.333557 0.023453
94 0.386627 0.064804
SURF 0x10
mat 0
refs 3
95 0.330338 0.026489
94 0.386627 0.064804
97 0.375946 0.083069
SURF 0x10
mat 0
refs 3
96 0.329865 0.030197
95 0.330338 0.026489
97 0.375946 0.083069
SURF 0x10
mat 0
refs 3
96 0.329865 0.030197
97 0.375946 0.083069
98 0.375046 0.083694
SURF 0x10
mat 0
refs 3
99 0.327866 0.034775
96 0.329865 0.030197
98 0.375046 0.083694
SURF 0x10
mat 0
refs 3
99 0.327866 0.034775
98 0.375046 0.083694
100 0.359177 0.098816
SURF 0x10
mat 0
refs 3
101 0.32608 0.038666
99 0.327866 0.034775
100 0.359177 0.098816
SURF 0x10
mat 0
refs 3
101 0.32608 0.038666
100 0.359177 0.098816
102 0.35817 0.099274
SURF 0x10
mat 0
refs 3
103 0.322952 0.042633
101 0.32608 0.038666
102 0.35817 0.099274
SURF 0x10
mat 0
refs 3
103 0.322952 0.042633
102 0.35817 0.099274
104 0.338272 0.110077
SURF 0x10
mat 0
refs 3
105 0.319702 0.046265
103 0.322952 0.042633
104 0.338272 0.110077
SURF 0x10
mat 0
refs 3
105 0.319702 0.046265
104 0.338272 0.110077
106 0.337158 0.110367
SURF 0x10
mat 0
refs 3
107 0.315552 0.048996
105 0.319702 0.046265
106 0.337158 0.110367
SURF 0x10
mat 0
refs 3
108 0.314728 0.116074
107 0.315552 0.048996
106 0.337158 0.110367
SURF 0x10
mat 0
refs 3
109 0.310913 0.050751
107 0.315552 0.048996
108 0.314728 0.116074
SURF 0x10
mat 0
refs 3
109 0.310913 0.050751
108 0.314728 0.116074
110 0.313553 0.11615
SURF 0x10
mat 0
refs 3
111 0.306015 0.051636
109 0.310913 0.050751
110 0.313553 0.11615
SURF 0x10
mat 0
refs 3
111 0.306015 0.051636
110 0.313553 0.11615
113 0.309998 0.11615
SURF 0x10
mat 0
refs 3
112 0.291046 0.051636
111 0.306015 0.051636
113 0.309998 0.11615
SURF 0x10
mat 0
refs 3
114 0.290543 0.051514
112 0.291656 0.051514
113 0.310303 0.116104
SURF 0x10
mat 0
refs 3
115 0.287903 0.116028
114 0.290543 0.051514
113 0.310303 0.116104
SURF 0x10
mat 0
refs 3
116 0.286957 0.115936
114 0.290543 0.051514
115 0.287903 0.116028
SURF 0x10
mat 0
refs 3
117 0.286591 0.050644
114 0.290543 0.051514
116 0.286957 0.115936
SURF 0x10
mat 0
refs 3
118 0.281845 0.049133
117 0.286591 0.050644
116 0.286957 0.115936
SURF 0x10
mat 0
refs 3
119 0.264557 0.110138
118 0.281845 0.049133
116 0.286957 0.115936
SURF 0x10
mat 0
refs 3
119 0.264557 0.110138
120 0.277725 0.046356
118 0.281845 0.049133
SURF 0x10
mat 0
refs 3
121 0.263443 0.109924
120 0.277725 0.046356
119 0.264557 0.110138
SURF 0x10
mat 0
refs 3
121 0.263443 0.109924
122 0.274216 0.042862
120 0.277725 0.046356
SURF 0x10
mat 0
refs 3
123 0.243637 0.098953
122 0.274216 0.042862
121 0.263443 0.109924
SURF 0x10
mat 0
refs 3
123 0.243637 0.098953
124 0.271118 0.038849
122 0.274216 0.042862
SURF 0x10
mat 0
refs 3
125 0.242599 0.098557
124 0.271118 0.038849
123 0.243637 0.098953
SURF 0x10
mat 0
refs 3
125 0.242599 0.098557
126 0.269058 0.035004
124 0.271118 0.038849
SURF 0x10
mat 0
refs 3
127 0.226868 0.083344
126 0.269058 0.035004
125 0.242599 0.098557
SURF 0x10
mat 0
refs 3
127 0.226868 0.083344
128 0.26709 0.030411
126 0.269058 0.035004
SURF 0x10
mat 0
refs 3
129 0.225952 0.082748
128 0.26709 0.030411
127 0.226868 0.083344
SURF 0x10
mat 0
refs 3
129 0.225952 0.082748
130 0.266373 0.026672
128 0.26709 0.030411
SURF 0x10
mat 0
refs 3
131 0.215439 0.064468
130 0.266373 0.026672
129 0.225952 0.082748
SURF 0x10
mat 0
refs 3
135 0.203873 0.02771
134 0.225082 0.001373
132 0.225845 0.019669
SURF 0x10
mat 0
refs 3
133 0.20282 0.002075
134 0.225082 0.001373
135 0.203873 0.02771
SURF 0x10
mat 0
refs 3
131 0.215439 0.064468
137 0.263275 0.023727
130 0.266373 0.026672
SURF 0x10
mat 0
refs 3
136 0.214661 0.063705
137 0.263275 0.023727
131 0.215439 0.064468
SURF 0x10
mat 0
refs 3
134 0.209702 0.126175
138 0.265167 0.124405
132 0.210434 0.144455
SURF 0x10
mat 0
refs 3
139 0.211365 0.026245
132 0.225845 0.019669
140 0.226349 0.0233
SURF 0x10
mat 0
refs 3
135 0.203873 0.02771
132 0.225845 0.019669
139 0.211365 0.026245
SURF 0x10
mat 0
refs 3
136 0.214661 0.063705
141 0.261917 0.020294
137 0.263275 0.023727
SURF 0x10
mat 0
refs 3
142 0.210083 0.043762
141 0.261917 0.020294
136 0.214661 0.063705
SURF 0x10
mat 0
refs 3
140 0.210953 0.148087
138 0.265167 0.124405
143 0.262024 0.138062
SURF 0x10
mat 0
refs 3
132 0.210434 0.144455
138 0.265167 0.124405
140 0.210953 0.148087
SURF 0x10
mat 0
refs 3
142 0.210083 0.043762
143 0.262024 0.013062
141 0.261917 0.020294
SURF 0x10
mat 0
refs 3
144 0.209122 0.042267
143 0.262024 0.013062
142 0.210083 0.043762
SURF 0x10
mat 0
refs 3
144 0.209122 0.042267
140 0.210953 0.023087
143 0.262024 0.013062
SURF 0x10
mat 0
refs 3
139 0.616577 0.031616
140 0.608948 0.004059
144 0.660965 0.007813
SURF 0x10
mat 0
refs 3
145 0.617661 0.031845
139 0.554077 0.031616
144 0.598465 0.007813
SURF 0x10
mat 0
refs 3
146 0.619019 0.03125
144 0.598465 0.007813
142 0.602554 0.006073
SURF 0x10
mat 0
refs 3
145 0.617661 0.031845
144 0.598465 0.007813
146 0.619019 0.03125
SURF 0x10
mat 0
refs 3
147 0.682617 0.02977
142 0.610077 0.002457
136 0.665207 0.004959
SURF 0x10
mat 0
refs 3
146 0.617996 0.029968
142 0.610077 0.002457
147 0.682617 0.02977
SURF 0x10
mat 0
refs 3
148 0.620941 0.029434
136 0.602707 0.004959
131 0.605209 0.003983
SURF 0x10
mat 0
refs 3
147 0.620117 0.02977
136 0.602707 0.004959
148 0.620941 0.029434
SURF 0x10
mat 0
refs 3
131 0.609436 0.004761
129 0.665024 0.006287
149 0.681381 0.031494
SURF 0x10
mat 0
refs 3
148 0.616623 0.032394
131 0.609436 0.004761
149 0.681381 0.031494
SURF 0x10
mat 0
refs 3
150 0.619705 0.031204
129 0.602524 0.006287
127 0.604996 0.005386
SURF 0x10
mat 0
refs 3
149 0.618866 0.031494
129 0.602524 0.006287
150 0.619705 0.031204
SURF 0x10
mat 0
refs 3
127 0.609253 0.003784
125 0.665054 0.003433
151 0.680786 0.0289
SURF 0x10
mat 0
refs 3
150 0.616028 0.031479
127 0.609253 0.003784
151 0.680786 0.0289
SURF 0x10
mat 0
refs 3
152 0.619095 0.028625
125 0.602554 0.003433
123 0.605042 0.002594
SURF 0x10
mat 0
refs 3
151 0.618286 0.0289
125 0.602554 0.003433
152 0.619095 0.028625
SURF 0x10
mat 0
refs 3
123 0.612854 0.001938
121 0.668716 0.002716
153 0.681229 0.029205
SURF 0x10
mat 0
refs 3
152 0.616379 0.029984
123 0.612854 0.001938
153 0.681229 0.029205
SURF 0x10
mat 0
refs 3
154 0.615448 0.031403
121 0.611206 0.003403
119 0.613922 0.003265
SURF 0x10
mat 0
refs 3
153 0.614532 0.031464
121 0.611206 0.003403
154 0.615448 0.031403
SURF 0x10
mat 0
refs 3
119 0.551422 0.003265
116 0.607193 0.003265
155 0.617737 0.030243
SURF 0x10
mat 0
refs 3
154 0.552948 0.031403
119 0.551422 0.003265
155 0.617737 0.030243
SURF 0x10
mat 0
refs 3
155 0.617737 0.030243
115 0.609451 0.00296
156 0.618469 0.030106
SURF 0x10
mat 0
refs 3
116 0.607193 0.003265
115 0.609451 0.00296
155 0.617737 0.030243
SURF 0x10
mat 0
refs 3
115 0.613403 0.002106
113 0.666901 0.002457
157 0.67601 0.030548
SURF 0x10
mat 0
refs 3
156 0.611938 0.030106
115 0.613403 0.002106
157 0.67601 0.030548
SURF 0x10
mat 0
refs 3
158 0.611938 0.030136
156 0.611938 0.030106
157 0.67601 0.030548
SURF 0x10
mat 0
refs 3
89 0.624954 0.004593
85 0.672287 0.034073
159 0.602707 0.030212
SURF 0x10
mat 0
refs 3
86 0.620316 0.004364
85 0.609787 0.034073
89 0.562454 0.004593
SURF 0x10
mat 0
refs 3
110 0.612152 0.002563
160 0.615738 0.030609
157 0.6129 0.030594
SURF 0x10
mat 0
refs 3
113 0.603653 0.002533
110 0.612152 0.002563
157 0.6129 0.030594
SURF 0x10
mat 0
refs 3
89 0.625977 0.003601
159 0.613678 0.032913
161 0.612213 0.032593
SURF 0x10
mat 0
refs 3
91 0.621552 0.002655
89 0.625977 0.003601
161 0.612213 0.032593
SURF 0x10
mat 0
refs 3
108 0.552444 0.002411
162 0.554169 0.030563
160 0.553238 0.030609
SURF 0x10
mat 0
refs 3
110 0.612152 0.002563
108 0.614944 0.002411
160 0.615738 0.030609
SURF 0x10
mat 0
refs 3
91 0.684052 0.002655
161 0.674713 0.032593
163 0.60405 0.029755
SURF 0x10
mat 0
refs 3
93 0.623337 0.002747
91 0.684052 0.002655
163 0.60405 0.029755
SURF 0x10
mat 0
refs 3
162 0.606415 0.030823
106 0.67627 0.000488
164 0.677277 0.031281
SURF 0x10
mat 0
refs 3
108 0.615311 0.000793
106 0.67627 0.000488
162 0.606415 0.030823
SURF 0x10
mat 0
refs 3
93 0.623627 0.003113
163 0.614395 0.033096
165 0.613419 0.032944
SURF 0x10
mat 0
refs 3
94 0.620667 0.002655
93 0.623627 0.003113
165 0.613419 0.032944
SURF 0x10
mat 0
refs 3
104 0.589096 0.023788
166 0.599075 0.050903
164 0.598206 0.051117
SURF 0x10
mat 0
refs 3
106 0.586472 0.024414
104 0.589096 0.023788
164 0.598206 0.051117
SURF 0x10
mat 0
refs 3
167 0.605133 0.030609
94 0.683167 0.002655
165 0.675919 0.032944
SURF 0x10
mat 0
refs 3
97 0.622208 0.002747
94 0.683167 0.002655
167 0.605133 0.030609
SURF 0x10
mat 0
refs 3
166 0.604416 0.061783
102 0.679153 0.031693
168 0.676971 0.063187
SURF 0x10
mat 0
refs 3
104 0.616653 0.031693
102 0.679153 0.031693
166 0.604416 0.061783
SURF 0x10
mat 0
refs 3
97 0.621155 0.000763
167 0.614182 0.03183
169 0.613174 0.031723
SURF 0x10
mat 0
refs 3
98 0.618149 0.031677
97 0.621155 0.032013
169 0.613174 0.062973
SURF 0x10
mat 0
refs 3
100 0.55719 0.000626
170 0.552979 0.031982
168 0.551971 0.031937
SURF 0x10
mat 0
refs 3
102 0.554153 0.031693
100 0.55719 0.031876
168 0.551971 0.063187
SURF 0x10
mat 0
refs 3
170 0.603149 0.06102
98 0.680649 0.031677
169 0.675674 0.062973
SURF 0x10
mat 0
refs 3
100 0.618149 0.031677
98 0.680649 0.031677
170 0.603149 0.06102
SURF 0x10
mat 0
refs 3
174 0.009384 0.85527
173 0.020325 0.010544
171 0.020325 0.85527
SURF 0x10
mat 0
refs 3
172 0.009384 0.010544
173 0.020325 0.010544
174 0.009384 0.85527
SURF 0x10
mat 0
refs 3
176 0.015427 0.015808
175 0.026352 0.015823
177 0.026352 0.025726
SURF 0x10
mat 0
refs 3
176 0.015427 0.015808
177 0.026352 0.025726
178 0.015427 0.025726
SURF 0x10
mat 0
refs 3
179 0.004501 0.025726
180 0.004501 0.015808
178 0.015427 0.025726
SURF 0x10
mat 0
refs 3
178 0.015427 0.025726
180 0.004501 0.015808
176 0.015427 0.015808
SURF 0x10
mat 0
refs 3
176 0.001999 0.147034
171 0.018173 0.001785
175 0.018173 0.147034
SURF 0x10
mat 0
refs 3
174 0.001999 0.001785
171 0.018173 0.001785
176 0.001999 0.147034
SURF 0x10
mat 0
refs 3
181 0.014084 0.85527
182 0.014084 0.010544
174 0.025024 0.85527
SURF 0x10
mat 0
refs 3
174 0.025024 0.85527
182 0.014084 0.010544
172 0.025024 0.010544
SURF 0x10
mat 0
refs 3
183 0.015625 0.832367
185 0.015625 0.010544
184 0.022354 0.832367
SURF 0x10
mat 0
refs 3
184 0.022354 0.832367
185 0.015625 0.010544
186 0.022354 0.010544
SURF 0x10
mat 0
refs 3
171 0.004684 0.85527
185 0.015625 0.010544
187 0.015625 0.85527
SURF 0x10
mat 0
refs 3
173 0.004684 0.010544
185 0.015625 0.010544
171 0.004684 0.85527
SURF 0x10
mat 0
refs 3
188 0.003616 0.03183
189 0.124268 0.016525
190 0.124466 0.018066
SURF 0x10
mat 0
refs 3
191 0.009705 0.11467
189 0.137177 0.026978
188 0.045685 0.090469
SURF 0x10
mat 0
refs 3
171 0.002884 0.001785
187 0.019073 0.001785
192 0.019073 0.147034
SURF 0x10
mat 0
refs 3
171 0.002884 0.001785
192 0.019073 0.147034
175 0.002884 0.147034
SURF 0x10
mat 0
refs 3
175 0.010727 0.015823
192 0.021652 0.015808
193 0.021652 0.025726
SURF 0x10
mat 0
refs 3
175 0.010727 0.015823
193 0.021652 0.025726
177 0.010727 0.025726
SURF 0x10
mat 0
refs 3
194 0.00621 0.85527
195 0.00621 0.010544
181 0.014084 0.85527
SURF 0x10
mat 0
refs 3
181 0.014084 0.85527
195 0.00621 0.010544
182 0.014084 0.010544
SURF 0x10
mat 0
refs 3
196 0.008835 0.025726
197 0.008835 0.015808
179 0.019775 0.025726
SURF 0x10
mat 0
refs 3
179 0.019775 0.025726
197 0.008835 0.015808
180 0.019775 0.015808
SURF 0x10
mat 0
refs 3
180 0.005096 0.147034
181 0.005096 0.001785
176 0.021271 0.147034
SURF 0x10
mat 0
refs 3
176 0.021271 0.147034
181 0.005096 0.001785
174 0.021271 0.001785
SURF 0x10
mat 0
refs 3
184 0.007385 0.832367
199 0.029037 0.010544
198 0.029037 0.832367
SURF 0x10
mat 0
refs 3
186 0.007385 0.010544
199 0.029037 0.010544
184 0.007385 0.832367
SURF 0x10
mat 0
refs 3
201 0.029037 0.006607
200 0.018204 0.007736
183 0.007385 0.006607
SURF 0x10
mat 0
refs 3
184 0.007385 0.001343
201 0.029037 0.006607
183 0.007385 0.006607
SURF 0x10
mat 0
refs 3
198 0.029037 0.001343
201 0.029037 0.006607
184 0.007385 0.001343
SURF 0x10
mat 0
refs 3
187 0.000595 0.04277
200 0.011536 0.019867
202 0.011536 0.04277
SURF 0x10
mat 0
refs 3
183 0.000595 0.019867
200 0.011536 0.019867
187 0.000595 0.04277
SURF 0x10
mat 0
refs 3
188 0.001083 0.080231
80 0.033737 0.027283
79 0.033737 0.080597
SURF 0x10
mat 0
refs 3
203 0.001083 0.027283
80 0.033737 0.027283
188 0.001083 0.080231
SURF 0x10
mat 0
refs 3
188 0.110077 0.048981
190 0.020264 0.029968
204 0.007385 0.026886
SURF 0x10
mat 0
refs 3
188 0.110077 0.080231
204 0.007385 0.058136
218 0.007385 0.027283
SURF 0x10
mat 0
refs 3
188 0.110077 0.080231
218 0.007385 0.027283
205 0.025208 0.027283
SURF 0x10
mat 0
refs 3
188 0.094452 0.080231
205 0.009583 0.027283
206 0.027847 0.027283
SURF 0x10
mat 0
refs 3
188 0.078827 0.080231
206 0.012207 0.027283
203 0.078827 0.027283
SURF 0x10
mat 0
refs 3
191 0.035538 0.087723
188 0.000702 0.080231
203 0.000702 0.027283
SURF 0x10
mat 0
refs 3
191 0.035538 0.087723
203 0.000702 0.027283
207 0.035538 0.027283
SURF 0x10
mat 0
refs 3
192 0.003418 0.147034
202 0.019608 0.001785
208 0.019608 0.147034
SURF 0x10
mat 0
refs 3
187 0.003418 0.001785
202 0.019608 0.001785
192 0.003418 0.147034
SURF 0x10
mat 0
refs 3
193 0.006027 0.025726
208 0.016953 0.015808
209 0.016953 0.025726
SURF 0x10
mat 0
refs 3
192 0.006027 0.015808
208 0.016953 0.015808
193 0.006027 0.025726
SURF 0x10
mat 0
refs 3
210 0.013535 0.025726
211 0.013535 0.015808
196 0.024475 0.025726
SURF 0x10
mat 0
refs 3
196 0.024475 0.025726
211 0.013535 0.015808
212 0.019012 0.015808
SURF 0x10
mat 0
refs 3
196 0.008835 0.025726
212 0.003387 0.015808
197 0.008835 0.015808
SURF 0x10
mat 0
refs 3
197 0.002716 0.147034
213 0.002716 0.026596
180 0.01889 0.147034
SURF 0x10
mat 0
refs 3
180 0.01889 0.147034
213 0.002716 0.026596
214 0.007217 0.026596
SURF 0x10
mat 0
refs 3
180 0.01889 0.147034
214 0.007217 0.026596
194 0.007217 0.001785
SURF 0x10
mat 0
refs 3
180 0.01889 0.147034
194 0.007217 0.001785
181 0.01889 0.001785
SURF 0x10
mat 0
refs 3
198 0.013412 0.832367
199 0.013412 0.010544
201 0.020157 0.832367
SURF 0x10
mat 0
refs 3
201 0.020157 0.832367
199 0.013412 0.010544
215 0.020157 0.010544
SURF 0x10
mat 0
refs 3
202 0.011536 0.04277
201 0.022446 0.019867
216 0.022446 0.04277
SURF 0x10
mat 0
refs 3
200 0.011536 0.019867
201 0.022446 0.019867
202 0.011536 0.04277
SURF 0x10
mat 0
refs 3
218 0.007874 0.027283
83 0.057465 0.02095
217 0.057465 0.027283
SURF 0x10
mat 0
refs 3
81 0.007874 0.02095
83 0.057465 0.02095
218 0.007874 0.027283
SURF 0x10
mat 0
refs 3
205 0.028152 0.063812
218 0.01059 0.066116
217 0.01059 0.027283
SURF 0x10
mat 0
refs 3
219 0.033783 0.048996
205 0.028152 0.063812
217 0.01059 0.027283
SURF 0x10
mat 0
refs 3
221 0.040298 0.032806
219 0.033783 0.048996
217 0.01059 0.027283
SURF 0x10
mat 0
refs 3
220 0.044373 0.027283
221 0.040298 0.032806
217 0.01059 0.027283
SURF 0x10
mat 0
refs 3
220 0.029022 0.029388
223 0.019485 0.035553
222 0.004166 0.020966
SURF 0x10
mat 0
refs 3
222 0.004166 0.020966
223 0.019485 0.035553
224 0.004807 0.030579
SURF 0x10
mat 0
refs 3
225 0.027054 0.003464
206 0.014908 0.030197
226 0.021439 0.015366
SURF 0x10
mat 0
refs 3
222 0.032974 0.027283
206 0.014908 0.061447
225 0.027054 0.034714
SURF 0x10
mat 0
refs 3
80 0.080627 0.027283
206 0.014908 0.061447
222 0.032974 0.027283
SURF 0x10
mat 0
refs 3
203 0.080627 0.052856
206 0.014908 0.061447
80 0.080627 0.027283
SURF 0x10
mat 0
refs 3
207 0.03685 0.048355
203 0.002487 0.052856
80 0.002487 0.027283
SURF 0x10
mat 0
refs 3
77 0.043594 0.027283
207 0.03685 0.048355
80 0.002487 0.027283
SURF 0x10
mat 0
refs 3
218 0.007385 0.027283
227 0.028946 0.02095
205 0.025208 0.027283
SURF 0x10
mat 0
refs 3
218 0.007385 0.027283
81 0.007385 0.02095
227 0.028946 0.02095
SURF 0x10
mat 0
refs 3
81 0.007385 0.02095
85 0.020432 0.018295
228 0.039719 0.02095
SURF 0x10
mat 0
refs 3
207 0.113663 0.027283
203 0.078827 0.027283
206 0.012207 0.027283
SURF 0x10
mat 0
refs 3
206 0.012207 0.027283
228 0.008469 0.02095
207 0.113663 0.027283
SURF 0x10
mat 0
refs 3
207 0.129288 0.027283
228 0.024094 0.02095
85 0.004807 0.018295
SURF 0x10
mat 0
refs 3
207 0.129288 0.027283
85 0.004807 0.018295
86 0.030884 0.012985
SURF 0x10
mat 0
refs 3
207 0.113663 0.058533
86 0.015244 0.044235
88 0.113663 0.024246
SURF 0x10
mat 0
refs 3
208 0.00145 0.147034
216 0.017639 0.001785
229 0.017639 0.147034
SURF 0x10
mat 0
refs 3
202 0.00145 0.001785
216 0.017639 0.001785
208 0.00145 0.147034
SURF 0x10
mat 0
refs 3
208 0.001328 0.015808
229 0.012253 0.015808
230 0.012253 0.025726
SURF 0x10
mat 0
refs 3
208 0.001328 0.015808
230 0.012253 0.025726
209 0.001328 0.025726
SURF 0x10
mat 0
refs 3
231 0.002625 0.025726
232 0.002625 0.015808
210 0.013535 0.025726
SURF 0x10
mat 0
refs 3
210 0.013535 0.025726
232 0.002625 0.015808
211 0.013535 0.015808
SURF 0x10
mat 0
refs 3
211 0.002472 0.022034
197 0.018646 0.022034
212 0.010559 0.022034
SURF 0x10
mat 0
refs 3
211 0.002472 0.147034
233 0.002472 0.026596
197 0.018646 0.147034
SURF 0x10
mat 0
refs 3
197 0.018646 0.147034
233 0.002472 0.026596
213 0.018646 0.026596
SURF 0x10
mat 0
refs 3
216 0.006836 0.85527
235 0.017746 0.010544
234 0.017746 0.85527
SURF 0x10
mat 0
refs 3
201 0.006836 0.832367
235 0.017746 0.010544
216 0.006836 0.85527
SURF 0x10
mat 0
refs 3
215 0.006836 0.010544
235 0.017746 0.010544
201 0.006836 0.832367
SURF 0x10
mat 0
refs 3
202 0.035355 0.00174
87 0.021042 0.025284
88 0.013977 0.004272
SURF 0x10
mat 0
refs 3
216 0.021286 0.010208
87 0.005417 0.025284
202 0.01973 0.00174
SURF 0x10
mat 0
refs 3
234 0.025589 0.018066
87 0.005417 0.025284
216 0.021286 0.010208
SURF 0x10
mat 0
refs 3
236 0.032349 0.024796
87 0.005417 0.025284
234 0.025589 0.018066
SURF 0x10
mat 0
refs 3
217 0.01059 0.027283
223 0.048492 0.02095
220 0.044373 0.027283
SURF 0x10
mat 0
refs 3
217 0.01059 0.027283
83 0.01059 0.02095
223 0.048492 0.02095
SURF 0x10
mat 0
refs 3
83 0.01059 0.02095
82 0.048965 0.013412
224 0.060226 0.02095
SURF 0x10
mat 0
refs 3
222 0.017365 0.027283
224 0.013367 0.02095
77 0.106094 0.027283
SURF 0x10
mat 0
refs 3
77 0.106094 0.027283
224 0.013367 0.02095
82 0.002075 0.013412
SURF 0x10
mat 0
refs 3
77 0.106094 0.058533
82 0.002075 0.044662
87 0.106094 0.024246
SURF 0x10
mat 0
refs 3
207 0.015839 0.058533
87 0.043594 0.024246
77 0.043594 0.058533
SURF 0x10
mat 0
refs 3
88 0.015839 0.024246
87 0.043594 0.024246
207 0.015839 0.058533
SURF 0x10
mat 0
refs 3
229 0.012726 0.147034
234 0.028915 0.001785
237 0.028915 0.147034
SURF 0x10
mat 0
refs 3
216 0.012726 0.001785
234 0.028915 0.001785
229 0.012726 0.147034
SURF 0x10
mat 0
refs 3
229 0.012253 0.015808
237 0.023178 0.015808
238 0.023178 0.025726
SURF 0x10
mat 0
refs 3
229 0.012253 0.015808
238 0.023178 0.025726
230 0.012253 0.025726
SURF 0x10
mat 0
refs 3
239 0.007324 0.025726
240 0.007324 0.015808
231 0.018234 0.025726
SURF 0x10
mat 0
refs 3
231 0.018234 0.025726
240 0.007324 0.015808
232 0.018234 0.015808
SURF 0x10
mat 0
refs 3
232 0.012909 0.147034
241 0.012909 0.026596
211 0.029099 0.147034
SURF 0x10
mat 0
refs 3
211 0.029099 0.147034
241 0.012909 0.026596
233 0.029099 0.026596
SURF 0x10
mat 0
refs 3
234 0.012726 0.85527
242 0.023651 0.010544
236 0.023651 0.85527
SURF 0x10
mat 0
refs 3
235 0.012726 0.010544
242 0.023651 0.010544
234 0.012726 0.85527
SURF 0x10
mat 0
refs 3
77 0.012344 0.058533
87 0.012344 0.024246
78 0.039276 0.058533
SURF 0x10
mat 0
refs 3
78 0.039276 0.058533
87 0.012344 0.024246
236 0.039276 0.024246
SURF 0x10
mat 0
refs 3
237 0.008423 0.147034
236 0.024612 0.001785
