AC3Db
MATERIAL "def" rgb 0.72 0.72 0.72  amb 0.8 0.8 0.8  emis 0.08 0.08 0.08  spec 0.2 0.2 0.2  shi 128  trans 0
OBJECT world
kids 1
OBJECT group
name "PlazaCastilla"
kids 1
OBJECT group
name "Default LOD"
kids 1
OBJECT poly
name "POLY_OS=0 HARD= BLEND=yes"
data 95
poly_os=0.000000
blend=-1.000000
hard_surf=
deck=0
mod_lit=0
wall=0
draw_disable=0
manip_type=0
texture "PlazaCastilla_madrid1.png"
crease 45.000000
numvert 1377
-3.06937 2.45872 3.23773
-3.21806 2.18404 3.21454
-4.18471 1.87735 3.36832
-3.65343 4.87155 3.15585
-4.21593 4.31717 3.37273
-4.2563 4.49457 3.3745
-3.5636 5.34909 3.1581
-3.81252 5.40597 3.22626
-3.76392 5.425 3.21333
-3.75217 5.425 3.07541
-3.79788 5.40597 3.05443
-3.90324 5.27843 3.26973
-3.87994 5.27843 2.99625
-3.5636 5.11713 3.1581
-3.90411 5.1319 3.27643
-4.17725 4.84647 3.32813
-3.58307 5.04633 3.15761
-3.87968 5.1319 2.9895
-3.93634 4.9516 3.2381
-3.24776 1.87735 3.20995
-3.91792 4.9516 3.02184
-4.14067 1.87735 2.85149
-4.14012 4.84647 2.89236
-2.91406 3.16754 3.2587
-4.21021 4.49457 2.83328
-4.11883 2.73122 2.85719
-4.18066 4.31717 2.841
-2.96199 3.33009 3.25169
-4.1622 2.73122 3.36638
-3.60879 4.64365 3.15697
-4.08717 3.08974 2.86548
-3.61066 4.65321 3.15692
-3.60879 4.64365 3.1572
-4.18066 4.09361 2.841
-3.33588 3.82629 3.19707
-4.12961 3.08974 3.36357
-3.56462 4.41576 3.16365
-3.53458 4.04411 3.16805
-4.22559 4.08727 3.36827
-4.22559 4.08722 3.36827
-4.22588 4.08717 3.37189
-4.11827 3.69241 2.85735
-4.16164 3.69241 3.36633
-2.80527 1.0403 2.38895
-2.80527 1.8111 2.38895
-2.95802 1.0403 4.18247
-2.95802 1.8111 4.18247
-4.71169 -1.14 4.03308
-4.71169 1.89999 4.03308
-4.55891 -1.14 2.23958
-4.55891 1.89999 2.23958
-2.95802 1.89999 4.18247
-2.95802 -1.14 4.18247
-12.3818 3.61578 2.37164
-12.4102 3.45204 2.11517
-12.4971 3.61028 2.21365
-12.6244 3.63306 2.31712
-12.612 3.63306 2.17065
-11.8489 1.95409 2.64714
-12.1381 2.28891 2.56718
-11.9531 2.29562 2.59666
-11.8415 2.18922 2.61137
-11.835 2.42104 2.61191
-12.3976 3.45204 1.96812
-12.4756 3.61028 1.96149
-12.5933 3.63306 1.95145
-12.9263 1.95409 2.33456
-12.9589 2.04968 2.38197
-12.1373 2.36024 2.55795
-12.9088 2.22479 2.33608
-12.1889 2.51427 2.61124
-13.0073 2.72304 2.52286
-13.0663 2.92609 2.47092
-12.2007 2.5813 2.59348
-12.1388 2.61912 2.55191
-12.2461 2.89223 2.51392
-11.9164 2.86771 2.53049
-12.7863 2.92609 2.3643
-12.2239 2.95593 2.49776
-11.9484 2.97286 2.4911
-11.9825 3.04924 2.48254
-12.2442 3.00369 2.49202
-12.5034 3.20708 2.4378
-12.3396 3.36656 2.44266
-12.0815 3.52927 2.48583
-12.2862 3.45204 2.42697
-12.4818 3.36656 2.10907
-12.225 3.70242 2.43445
-12.7704 3.81995 2.17725
-12.4115 3.88094 2.22415
-12.6696 3.93533 2.21559
-12.5553 4.00082 2.17549
-12.6645 3.96538 2.19629
-12.6848 3.99081 2.16444
-3.61066 5.425 3.15692
-9.43613 1.40443 8.8688
-9.55852 1.40266 8.63316
-6.01976 1.20177 6.10828
-6.14215 1.2 5.87262
-5.56491 1.2 5.92076
-5.48952 1.2 6.12952
-4.45094 1.2 5.33112
-4.62611 1.2 5.18948
-3.98001 1.2 4.31493
-4.1992 1.2 4.29627
-3.80008 1.2 2.20258
-4.09236 1.2 1.12138
-4.01929 1.2 2.18391
-4.28897 1.2 1.23135
-4.98094 1.2 0.158829
-5.09055 1.2 0.351822
-5.66846 1.2 0.302597
-5.47914 1.2 0.116394
-7.90918 1.20905 -3.62344
-8.09851 1.20905 -3.43724
-6.28365 -0.800003 5.86057
-9.67801 -0.617523 8.31906
-2.80527 -1.14 2.38895
-8.47157 -0.791595 -3.22383
-5.80975 -0.800003 0.290558
-5.38788 -0.800003 0.326508
-4.82124 -0.800003 1.186
-5.86224 -0.800003 5.89545
-4.6456 -0.800003 2.13055
-4.82553 -0.800003 4.24291
-5.1584 -0.800003 5.14415
-9.2847 14.18 0.213135
-9.81801 1.32944 1.29356
-9.70175 1.32944 1.10745
-9.00459 14.18 -0.164734
-9.52878 14.18 0.608582
-9.91978 1.32944 1.48801
-4.8586 18.96 3.0853
-9.7354 14.18 1.01929
-10.0065 1.32944 1.68961
-9.90335 14.18 1.44287
-10.0776 1.32944 1.89723
-10.0317 14.18 1.87691
-10.1327 1.32944 2.10965
-10.1196 14.18 2.31885
-10.1714 1.32944 2.32565
-10.1667 14.18 2.76614
-10.1937 1.32944 2.54398
-10.1727 14.18 3.21622
-10.1992 1.32944 2.76337
-10.1374 14.18 3.66643
-10.1881 1.32944 2.98253
-10.0612 14.18 4.1142
-10.1603 1.32944 3.20021
-9.9444 14.18 4.55691
-9.78777 14.18 4.99203
-10.0556 1.32944 3.62611
-10.1161 1.32944 3.41516
-7.73341 1.32944 2.79839
-9.99939 1.66 9.08784
-9.99939 -0.080002 9.08784
-15.6931 0.399994 8.60286
-15.6931 2.06 8.60286
-14.2896 2.06 -4.62148
-10.8869 1.61464 0.622955
-10.8869 1.11999 0.622955
-13.2804 0.399994 -2.98628
-14.2896 0.399994 -4.62148
-11.1723 0.399994 3.95618
-11.1723 1.61464 3.95618
-8.84926 0.399994 -4.24235
-8.84926 1.61464 -4.24235
-8.62202 -0.080002 11.0655
-8.62202 3.39999 11.0655
-9.99939 3.39999 9.08784
-7.14133 -0.080002 12.5546
-7.14133 3.39999 12.5546
-4.50018 -0.080002 12.3419
-4.50018 3.39999 12.3419
-5.09255 -0.080002 13.555
-5.09255 3.39999 13.555
-6.57822 0 -4.98067
-6.57822 3.48 -4.98067
-7.8159 0 -3.3741
-7.8159 3.48 -3.3741
-5.00143 3.48 -6.05858
-5.00143 0 -6.05858
-2.91617 3.48 -6.84888
-2.91617 0 -6.84888
-6.35988 3.39999 11.5329
-6.35988 -0.080002 11.5329
-7.78943 -0.080002 10.2662
-9.06392 3.39999 8.43631
-9.06392 -0.080002 8.43631
-7.78943 3.39999 10.2662
-3.32017 0 -7.91489
-3.32017 3.48 -7.91489
-5.57376 3.48 -7.06081
-5.57376 0 -7.06081
-8.84814 0 -4.24414
-8.84814 3.48 -4.24414
-7.37875 0 -5.98749
-7.37875 3.48 -5.98749
-7.18304 0.190002 17.3236
-7.18304 0.843506 17.3236
-6.8831 0.190002 16.6799
-6.8831 0.843506 16.6799
-12.6814 3.99081 2.1246
-12.5519 4.00082 2.13563
-12.7687 3.92995 2.1573
-12.4665 3.36656 1.92972
-12.6571 3.56438 2.28725
-12.7704 3.67995 2.17725
-12.7653 3.92995 2.11746
-12.6571 3.46437 2.28725
-12.8123 3.57564 2.17368
-12.5878 3.36656 2.29315
-12.5562 3.36656 1.92207
-12.7653 3.67995 2.11746
-12.896 3.37163 2.18661
-12.896 3.30164 2.18661
-12.8892 3.37163 2.1069
-12.896 3.17163 2.18661
-12.8892 3.17163 2.1069
-12.8486 3.07773 2.19064
-12.7712 2.92609 2.1872
-12.8418 3.07773 2.11093
-12.9289 2.92609 2.1537
-12.9068 1.95409 2.10541
-13.1156 2.8526 2.33443
-13.0226 2.8526 2.13568
-12.9639 2.03641 2.08685
-12.9529 2.75259 2.14162
-12.8494 2.22479 2.11029
-18.7832 -0.509995 12.2028
-18.7832 -0.18866 12.2028
-18.9463 -0.509995 11.9045
-18.9463 -0.18866 11.9045
-15.4725 0.820007 9.45892
-15.4725 -0.850006 9.45892
-14.1152 -0.850006 -5.13226
-14.1152 0.820007 -5.13226
-17.0943 -0.5 -8.23315
-17.0943 -0.178665 -8.23315
-16.8087 -0.5 -8.41769
-16.8087 -0.178665 -8.41769
-2.80527 1.89999 2.38895
-9.55917 1.59267 8.63208
-9.43678 1.59444 8.86774
-6.02042 1.39177 6.10719
-6.14282 1.39 5.87154
-5.56491 1.39 5.92076
-5.48952 1.39 6.12952
-4.1992 1.39 4.29627
-4.01929 1.39 2.18391
-4.28897 1.39 1.23135
-5.09055 1.39 0.351822
-4.98094 1.39 0.158829
-4.09236 1.39 1.12138
-3.80008 1.39 2.20258
-3.98001 1.39 4.31493
-4.45094 1.39 5.33112
-4.62611 1.39 5.18948
-5.66846 1.39 0.302597
-5.47914 1.39 0.116394
-8.09851 1.39903 -3.43724
-7.90918 1.39903 -3.62344
-13.2752 0.399994 2.85187
-13.2752 1.96001 2.85187
-13.1504 0.399994 1.38716
-13.1504 1.96001 1.38716
-11.6511 1.96001 2.9902
-11.6511 0.399994 2.9902
-10.8869 0.399994 0.622955
-13.171 0.399994 -3.21843
-10.47 1.61464 -1.02116
-10.47 2.03999 -1.02116
-8.84926 2.03999 -4.24235
-10.3231 0.399994 2.3707
-10.3231 2.03999 2.3707
-10.0871 0.399994 5.36998
-10.0871 2.03999 5.36998
-9.06392 0.399994 8.43631
-9.06392 2.03999 8.43631
-11.3037 0.399994 2.26708
-11.3037 2.03999 2.26708
-9.99651 2.03999 9.07297
-11.041 2.03999 5.64528
-9.5755 2.03999 6.90315
-11.1723 2.03999 3.95618
-9.99117 0.399994 9.09053
-11.041 0.399994 5.64528
-9.99117 2.03999 9.09053
-11.041 1.61464 5.64528
-4.06644 0.199997 -11.068
-4.25317 0.199997 -11.7532
-4.06644 0.853516 -11.068
-4.06644 0.353516 -11.068
-4.25317 0.853516 -11.7532
-2.94235 0.353516 -6.89445
-2.94235 0.853516 -6.89445
-6.8831 0.343506 16.6799
-4.55431 0.343506 12.3657
-4.55431 0.843506 12.3657
13.1651 0.190002 13.2435
13.1651 0.843506 13.2435
11.8082 0.843506 14.4249
11.8082 0.190002 14.4249
10.3408 0.843506 15.4658
10.3408 0.190002 15.4658
8.77737 0.843506 16.3559
8.77737 0.190002 16.3559
7.13335 0.843506 17.0866
7.13335 0.190002 17.0866
5.42493 0.843506 17.6505
5.42493 0.190002 17.6505
3.66899 0.843506 18.0422
3.66899 0.190002 18.0422
1.88286 0.843506 18.2576
1.88286 0.190002 18.2576
0.084167 0.843506 18.2949
0.084167 0.190002 18.2949
-1.70937 0.843506 18.1534
-1.70937 0.190002 18.1534
-3.48 0.843506 17.8347
-3.48 0.190002 17.8347
-5.21027 0.190002 17.3419
-5.21027 0.843506 17.3419
14.6019 -2.07649 -6.31622
14.6019 0.853516 -6.31622
15.8314 -2.07649 -4.91065
15.8314 0.853516 -4.91065
13.2442 0.853516 -7.59853
13.2442 -2.07649 -7.59853
11.7708 0.853516 -8.74593
11.7708 -2.07649 -8.74593
10.195 0.853516 -9.74803
10.195 -2.07649 -9.74803
8.53101 0.853516 -10.5958
8.53101 -2.07649 -10.5958
6.79398 0.853516 -11.2815
6.79398 -2.07649 -11.2815
4.99962 0.853516 -11.7989
4.99962 -2.07649 -11.7989
3.16419 0.853516 -12.1433
3.16419 -2.07649 -12.1433
1.30434 0.853516 -12.3117
1.30434 -2.07649 -12.3117
-0.563126 0.853516 -12.3025
-0.563126 -2.07649 -12.3025
-2.42123 0.853516 -12.1158
-2.42123 -2.07649 -12.1158
-4.25317 -2.07649 -11.7532
15.1117 0.199997 -4.29044
15.1117 0.853516 -4.29044
13.9742 0.199997 -5.68427
13.9742 0.853516 -5.68427
12.704 0.199997 -6.95834
12.704 0.853516 -6.95834
11.3136 0.199997 -8.10011
11.3136 0.853516 -8.10011
9.81686 0.199997 -9.0983
9.81686 0.853516 -9.0983
-2.30571 0.853516 -11.4376
-2.30571 0.199997 -11.4376
8.22845 0.199997 -9.94305
8.22845 0.853516 -9.94305
-0.517014 0.853516 -11.6307
-0.517014 0.199997 -11.6307
6.56406 0.199997 -10.626
6.56406 0.853516 -10.626
1.282 0.853516 -11.6453
1.282 0.199997 -11.6453
4.84009 0.199997 -11.1405
4.84009 0.853516 -11.1405
3.07359 0.853516 -11.4814
3.07359 0.199997 -11.4814
-5.43881 0.843506 17.9908
-5.43881 -2.08649 17.9908
-7.18304 -2.08649 17.3236
-3.63905 0.843506 18.4891
-3.63905 -2.08649 18.4891
-1.80006 0.843506 18.814
-1.80006 -2.08649 18.814
0.061493 0.843506 18.9626
0.061493 -2.08649 18.9626
1.92874 0.843506 18.9335
1.92874 -2.08649 18.9335
3.78476 0.843506 18.727
3.78476 -2.08649 18.727
5.61275 0.843506 18.345
5.61275 -2.08649 18.345
7.3961 0.843506 17.7909
7.3961 -2.08649 17.7909
9.11873 0.843506 17.0698
9.11873 -2.08649 17.0698
10.765 0.843506 16.1881
10.765 -2.08649 16.1881
13.7695 0.843506 13.9765
13.7695 -2.08649 13.9765
12.3199 -2.08649 15.1539
12.3199 0.843506 15.1539
-4.25319 -2.07649 -11.7532
-4.25319 0.399994 -11.7532
-4.98039 0.399994 -11.6168
-4.98039 -2.00999 -11.6168
-5.98433 0.399994 -11.3698
-5.98433 -2.00999 -11.3698
-9.96832 0.399994 -9.27556
-9.96832 -2.00999 -9.27556
-13.2143 0.399994 -6.32455
-13.2143 -2.00999 -6.32455
-15.5012 -2.00999 -2.71793
-15.5012 0.399994 -2.71793
-16.673 -2.00999 1.29858
-16.673 0.399994 1.29858
-16.65 -2.00999 5.45122
-16.65 0.399994 5.45122
-15.4337 -2.00999 9.45702
-15.4337 0.399994 9.45702
-13.107 -2.00999 13.0429
-13.107 0.399994 13.0429
-9.82846 0.399994 15.9647
-9.82846 -2.00999 15.9647
-7.18304 0.399994 17.3236
-7.18304 -2.00999 17.3236
19.0869 0.399994 -5.56209
19.5235 0.399994 -5.68581
-1.28902 0.399994 18.4665
3.1152 0.399994 18.4467
-5.54353 0.399994 17.4608
7.35799 0.399994 17.403
-6.17566 0.399994 17.1361
11.1414 0.399994 15.4142
-6.77724 0.399994 16.4527
17.9819 0.399994 15.3107
13.7695 0.399994 13.9765
18.6042 0.399994 13.6404
13.1345 0.399994 13.6022
19.1397 0.399994 11.9402
19.5869 0.399994 10.2148
19.9447 0.399994 8.46857
20.2121 0.399994 6.70625
20.3883 0.399994 4.93253
20.473 0.399994 3.15207
20.4589 0.399994 1.24374
20.367 0.399994 -0.410126
20.1766 0.399994 -2.18239
19.8952 0.399994 -3.9425
15.8927 0.399994 -4.65833
11.5708 0.399994 -8.59872
7.29703 0.399994 -10.7572
-1.78005 0.399994 -11.8376
2.8382 0.399994 -11.8098
-4.76974 0.399994 -10.6728
-9.46307 1.37909 -0.535217
-7.92985 1.20841 -3.17769
-9.21826 1.38248 8.35822
-10.0871 1.37909 5.36998
-10.3231 1.37909 2.3707
0.641098 0.550003 10.3983
1.3317 0.550003 9.67592
1.66753 0.550003 9.82748
1.39903 0.550003 8.88528
1.74899 0.550003 8.87094
0.829208 0.550003 4.67886
1.49974 0.550003 7.3918
1.17917 0.550003 4.66451
1.02508 0.550003 2.37918
1.36758 0.550003 2.45251
2.25147 0.550003 -1.12225
2.59396 0.550003 -1.04892
2.31882 0.550003 -1.91289
2.67545 0.550003 -2.00546
1.76034 0.550003 -2.74165
1.99368 0.550003 -3.0172
0.657593 0.550003 -3.24405
-0.332886 0.550003 -3.32841
-1.77856 0.550003 -3.50339
-0.339096 0.550003 -3.67767
0.746964 0.550003 -3.58518
-0.500336 0.550003 11.0583
-1.58643 0.550003 10.9658
-0.530731 0.550003 10.707
0.824478 0.550003 10.7093
-1.52122 0.550003 10.6226
-2.97568 0.550003 10.5505
-2.84715 0.550003 10.2263
-4.37946 0.550003 9.84743
-4.17831 0.550003 9.55952
-5.52988 0.550003 8.76442
-5.27077 0.550003 8.53113
-6.72276 0.550003 7.19664
-6.35886 0.550003 7.10107
-6.16328 0.550003 2.92506
-5.86406 0.550003 3.29929
-6.03894 0.550003 -0.831573
-5.80508 0.550003 2.60684
-5.69643 0.550003 -0.675842
-4.59807 0.550003 -2.17502
-4.38216 0.550003 -1.90126
-3.28104 0.550003 -3.04784
-3.1315 0.550003 -2.73009
-1.70674 0.550003 -3.16206
-3.28104 0.339996 -3.04784
-4.59807 0.339996 -2.17502
-6.03894 0.339996 -0.831573
-6.16328 0.339996 2.92506
-6.72276 0.339996 7.19664
-5.52988 0.339996 8.76442
-4.37946 0.339996 9.84743
-2.97568 0.339996 10.5505
-1.58643 0.339996 10.9658
-0.500336 0.339996 11.0583
0.824478 0.339996 10.7093
1.66753 0.339996 9.82748
1.74899 0.339996 8.87094
1.49974 0.339996 7.3918
1.17917 0.339996 4.66451
1.36758 0.339996 2.45251
2.59396 0.339996 -1.04892
2.67545 0.339996 -2.00546
1.99368 0.339996 -3.0172
0.746964 0.339996 -3.58518
-0.339096 0.339996 -3.67767
-1.77856 0.339996 -3.50339
-0.530731 0.339996 10.707
-1.52122 0.339996 10.6226
-2.84715 0.339996 10.2263
-4.17831 0.339996 9.55952
-5.27077 0.339996 8.53113
-6.35886 0.339996 7.10107
-5.86406 0.339996 3.29929
-5.80508 0.339996 2.60684
-5.69643 0.339996 -0.675842
-4.38216 0.339996 -1.90126
-3.1315 0.339996 -2.73009
-1.70674 0.339996 -3.16206
-0.332886 0.339996 -3.32841
0.641098 0.339996 10.3983
1.3317 0.339996 9.67592
1.39903 0.339996 8.88528
0.829208 0.339996 4.67886
1.02508 0.339996 2.37918
2.25147 0.339996 -1.12225
2.31882 0.339996 -1.91289
1.76034 0.339996 -2.74165
0.657593 0.339996 -3.24405
-12.7532 2.92609 1.97614
-11.8681 2.41769 1.96304
-11.8272 2.41769 2.30775
-12.0612 3.52927 2.24768
-12.04 3.52927 1.99858
-11.7912 1.95409 1.96959
-11.8893 2.86771 2.21214
-11.9453 2.86771 2.04495
-13.0913 2.8526 1.99936
-12.9741 2.92609 1.8588
-13.0538 2.75259 1.81873
-12.2045 3.70242 2.19292
-12.1826 3.70242 1.93625
-12.6239 3.13223 1.935
-11.959 3.04924 2.20621
-11.9911 3.05969 2.04105
-12.7593 3.81995 2.04771
-12.8013 3.57564 2.04414
-12.6282 3.56438 1.94849
-12.7593 3.67995 2.04771
-12.836 3.21143 2.04619
-12.836 3.41142 2.04619
-12.6255 3.46437 1.91618
-12.8892 3.30164 2.1069
-12.836 3.34141 2.04619
-12.7597 3.11191 1.98288
-12.8072 3.57564 2.11388
-12.8697 2.22479 1.87773
-12.9122 2.06969 1.83395
-12.6435 3.56438 2.12782
-11.8201 1.95409 2.30837
-12.8872 1.95409 1.87624
-12.7568 3.92995 2.01782
-12.6729 3.99081 2.02496
-12.5434 4.00082 2.036
-12.3899 3.88094 1.97082
-12.2841 3.79169 1.92761
-12.4051 3.88094 2.14873
-15.6356 -0.850006 9.16061
-15.6356 0.820007 9.16061
-13.8297 0.820007 -5.3168
-13.8297 -0.850006 -5.3168
-7.8159 0.399994 -3.3741
-7.8159 2.03999 -3.3741
-9.46307 0.399994 -0.535217
-9.46307 2.03999 -0.535217
-11.5263 1.96001 1.5255
-11.5263 0.399994 1.5255
15.8314 0.199997 -4.91065
-2.2644 0.853516 -7.1076
-2.2644 0.353516 -7.1076
-3.37022 0.853516 -11.2142
-3.37022 0.353516 -11.2142
-3.92216 0.343506 12.6904
-3.92216 0.843506 12.6904
-6.22163 0.343506 16.9416
-6.22163 0.843506 16.9416
13.7695 0.190002 13.9765
21.8301 -1.50291 17.3551
22.6071 -1.50291 15.438
21.8301 -1.64777 17.3551
22.6071 -1.64777 15.438
23.2749 -1.50291 13.4802
23.2749 -1.64777 13.4802
23.8312 -1.50291 11.4879
23.8312 -1.64777 11.4879
24.2744 -1.50291 9.46741
24.2744 -1.64777 9.46741
24.603 -1.50291 7.42513
24.603 -1.64777 7.42513
24.816 -1.50291 5.36758
24.816 -1.64777 5.36758
24.9126 -1.50291 3.3013
24.9126 -1.64777 3.3013
24.8927 -1.50291 1.23286
24.8927 -1.64777 1.23286
24.7562 -1.50291 -0.831177
24.7562 -1.64777 -0.831177
24.5036 -1.50291 -2.88423
24.5036 -1.64777 -2.88423
24.1356 -1.50291 -4.91979
23.6535 -1.50291 -6.93137
24.1356 -1.64777 -4.91979
23.6535 -1.64777 -6.93137
-16.3974 0.389999 -2.2905
-15.9012 0.389999 -3.59071
-16.3974 -0.350006 -2.2905
-15.9012 -0.350006 -3.59071
-16.7938 0.389999 -0.956436
-16.7938 -0.350006 -0.956436
-17.0879 0.389999 0.403824
-17.0879 -0.350006 0.403824
-17.2782 0.389999 1.78245
-17.2782 -0.350006 1.78245
-17.3635 0.389999 3.17156
-17.3635 -0.350006 3.17156
-17.3433 0.389999 4.5631
-17.3433 -0.350006 4.5631
-17.2178 0.389999 5.94913
-17.2178 -0.350006 5.94913
-16.9876 0.389999 7.32165
-16.9876 -0.350006 7.32165
-16.6542 0.389999 8.67282
-16.6542 -0.350006 8.67282
-17.577 0.100006 9.26608
-17.0703 0.100006 10.7002
-17.577 -0.050003 9.26608
-17.0703 -0.050003 10.7002
-17.9674 0.100006 7.79607
-17.9674 -0.050003 7.79607
-18.239 0.100006 6.29956
-18.239 -0.050003 6.29956
-18.3901 0.100006 4.78613
-18.3901 -0.050003 4.78613
-18.4197 0.100006 3.26546
-18.4197 -0.050003 3.26546
-18.3277 0.100006 1.74728
-18.3277 -0.050003 1.74728
-18.1145 0.100006 0.241333
-18.1145 -0.050003 0.241333
-17.7816 0.100006 -1.24275
-17.7816 -0.050003 -1.24275
-17.3312 0.100006 -2.69548
-17.3312 -0.050003 -2.69548
-16.766 0.100006 -4.10753
-16.766 -0.050003 -4.10753
-16.0897 0.100006 -5.46988
-16.0897 -0.050003 -5.46988
-15.3067 0.100006 -6.7738
-15.3067 -0.050003 -6.7738
-15.105 0.100006 -6.5638
-15.8565 0.100006 -5.28731
-16.5054 0.100006 -3.95567
-17.0476 0.100006 -2.57716
-17.4798 0.100006 -1.16029
-17.7992 0.100006 0.286148
-18.004 0.100006 1.75323
-18.0928 0.100006 3.23189
-18.065 0.100006 4.71294
-17.921 0.100006 6.18722
-17.6615 0.100006 7.64562
-17.2881 0.100006 9.07912
-16.8033 0.100006 10.4788
-17.798 -0.050003 9.3958
-17.2622 -0.050003 10.8592
-17.798 -0.199997 9.3958
-17.2622 -0.199997 10.8592
-18.2135 -0.050003 7.89383
-18.2135 -0.199997 7.89383
-18.5061 -0.050003 6.36316
-18.5061 -0.199997 6.36316
-18.6738 -0.050003 4.81383
-18.6738 -0.199997 4.81383
-18.7154 -0.050003 3.256
-18.7154 -0.199997 3.256
-18.6308 -0.050003 1.69991
-18.6308 -0.199997 1.69991
-18.4205 -0.050003 0.155777
-18.4205 -0.199997 0.155777
-18.0858 -0.050003 -1.36624
-18.0858 -0.199997 -1.36624
-17.629 -0.050003 -2.85615
-17.629 -0.199997 -2.85615
-17.053 -0.050003 -4.30421
-17.053 -0.199997 -4.30421
-16.3616 -0.050003 -5.70085
-16.3616 -0.199997 -5.70085
-15.5595 -0.050003 -7.03693
-15.5595 -0.199997 -7.03693
-16.6501 0.399994 5.45123
-16.6731 0.399994 1.29858
-15.4337 0.399994 9.457
-15.3079 0.389999 -4.84959
-13.8998 0.399994 -5.24356
-14.6209 0.389999 -6.05994
-15.4895 0.389999 -2.71692
-16.2193 0.389999 9.99484
-15.5915 0.389999 -5.07387
-14.8673 0.389999 -6.31644
-16.2169 0.389999 -3.77872
-16.7396 0.389999 -2.43884
-17.1564 0.389999 -1.06236
-17.465 0.389999 0.342377
-17.6633 0.389999 1.76685
-17.7502 0.389999 3.20242
-17.7252 0.389999 4.64044
-17.5884 0.389999 6.07213
-17.3406 0.389999 7.48885
-16.9834 0.389999 8.88199
-16.5189 0.389999 10.2431
-17.2881 0.25 9.07912
-16.8033 0.25 10.4788
-17.6615 0.25 7.64562
-17.921 0.25 6.18722
-18.065 0.25 4.71294
-18.0928 0.25 3.23189
-18.004 0.25 1.75323
-17.7992 0.25 0.286148
-17.4798 0.25 -1.16029
-17.0476 0.25 -2.57716
-15.105 0.25 -6.5638
-15.8565 0.25 -5.28731
-16.5054 0.25 -3.95567
-14.8673 0.25 -6.31644
-15.5915 0.25 -5.07387
-16.2169 0.25 -3.77872
-16.7396 0.25 -2.43884
-17.1564 0.25 -1.06236
-17.465 0.25 0.342377
-17.6633 0.25 1.76685
-17.7502 0.25 3.20242
-17.7252 0.25 4.64044
-17.5884 0.25 6.07213
-17.3406 0.25 7.48885
-16.9834 0.25 8.88199
-16.5189 0.25 10.2431
-17.5388 -0.350006 -6.69141
-15.7469 -0.350006 -7.23206
-16.6922 -0.350006 -8.21594
-16.5744 -0.350006 -5.86905
-18.268 -0.350006 -5.10735
-17.2879 -0.350006 -4.44304
-18.8757 -0.350006 -3.47281
-17.8825 -0.350006 -2.96355
-19.3584 -0.350006 -1.79709
-18.3544 -0.350006 -1.44043
-19.7133 -0.350006 -0.089737
-18.7003 -0.350006 0.116135
-19.9384 -0.350006 1.63951
-18.918 -0.350006 1.69572
-19.006 -0.350006 3.28783
-20.0325 -0.350006 3.38081
-18.9637 -0.350006 4.88179
-19.9949 -0.350006 5.12427
-18.7914 -0.350006 6.46698
-19.826 -0.350006 6.85989
-18.4902 -0.350006 8.03281
-19.5267 -0.350006 8.57787
-18.0622 -0.350006 9.56883
-19.0986 -0.350006 10.2684
-17.5103 -0.350006 11.0648
-18.5442 -0.350006 11.9217
-16.5744 -0.199997 -5.86905
-15.7469 -0.199997 -7.23206
-17.2879 -0.199997 -4.44304
-17.8825 -0.199997 -2.96355
-18.3544 -0.199997 -1.44043
-18.7003 -0.199997 0.116135
-18.918 -0.199997 1.69572
-19.006 -0.199997 3.28783
-18.9637 -0.199997 4.88179
-18.7914 -0.199997 6.46698
-18.4902 -0.199997 8.03281
-18.0622 -0.199997 9.56883
-17.5103 -0.199997 11.0648
16.0801 0.161041 16.9202
13.435 0.205276 14.2102
13.2659 0.205261 14.3605
15.5138 0.162552 17.2483
16.0801 0.331039 16.9202
16.0912 0.330856 16.9316
16.0912 0.160843 16.9316
16.0753 0.331619 16.9767
13.435 0.375275 14.2102
10.7025 -1.1506 16.1514
10.7023 -1.3206 16.1516
12.2722 -1.1805 18.1747
12.272 -1.35049 18.1748
10.6007 -2.1386 18.8423
11.8828 -1.34866 18.3097
9.12863 -2.00999 17.2139
10.3821 -1.32008 16.3753
11.0229 -0.981125 15.9276
11.0227 -1.15112 15.9277
12.6968 -1.01389 18.188
12.6965 -1.18388 18.1881
13.0859 -1.01572 18.0531
11.3432 -0.981644 15.7038
11.3433 -0.811646 15.7037
13.0862 -0.845718 18.053
11.6638 -0.642151 15.4798
11.6636 -0.812149 15.48
13.5423 -0.678192 17.932
13.5421 -0.84819 17.9321
11.9842 -0.472672 15.256
11.984 -0.64267 15.2561
13.9317 -0.510025 17.7971
13.9315 -0.680023 17.7971
14.3689 -0.512756 17.7239
12.3044 -0.47319 15.0322
12.3046 -0.303192 15.0321
14.3691 -0.342758 17.7238
14.7583 -0.344589 17.5889
12.6248 -0.303711 14.8083
12.625 -0.133713 14.8082
14.7585 -0.174591 17.5888
15.1242 -0.175613 17.3834
12.9453 -0.134216 14.5845
12.9454 0.035782 14.5843
15.1244 -0.005615 17.3833
13.2657 0.035263 14.3606
15.5136 -0.007446 17.2484
16.558 0.317581 16.7442
13.6044 0.369568 14.0347
13.7695 0.419998 13.9765
17.5536 0.399994 15.9595
-12.2528 1.11999 -3.14021
-13.3044 1.11999 -0.908066
-13.9187 1.11999 2.05939
-11.1723 1.11999 3.95618
-13.9774 1.11999 4.99062
-13.4084 1.11999 7.27657
-12.8269 0.759995 -3.18912
-13.8785 0.759995 -0.95697
-12.8269 0.580002 -3.18912
-13.8785 0.580002 -0.95697
-14.4928 0.759995 2.01048
-14.4928 0.580002 2.01048
-14.5516 0.759995 4.9417
-13.9825 0.759995 7.22765
-14.5516 0.580002 4.9417
-13.9825 0.580002 7.22765
-10.47 0.399994 -1.02116
-14.2728 0.940002 4.96545
-13.7038 0.940002 7.2514
-14.2728 0.759995 4.96545
-13.7038 0.759995 7.2514
-14.2141 0.940002 2.03422
-14.2141 0.759995 2.03422
-13.5998 0.940002 -0.933228
-13.5998 0.759995 -0.933228
-12.5482 0.940002 -3.16537
-12.5482 0.759995 -3.16537
-12.2528 0.940002 -3.14021
-13.3044 0.940002 -0.908066
-13.9187 0.940002 2.05939
-13.9774 0.940002 4.99062
-13.4084 0.940002 7.27657
-14.2226 0.580002 -0.986282
-13.171 0.580002 -3.21843
-14.8369 0.580002 1.98117
-14.8957 0.580002 4.9124
-14.3266 0.580002 7.19833
-14.8957 0.399994 4.9124
-14.3266 0.399994 7.19833
-14.8369 0.399994 1.98117
-14.2226 0.399994 -0.986282
19.8952 0.380005 -3.9425
19.5235 0.380005 -5.68581
20.1766 0.380005 -2.18239
20.367 0.380005 -0.410126
20.4589 0.380005 1.24374
20.473 0.380005 3.15207
20.3883 0.380005 4.93253
20.2121 0.380005 6.70625
19.9447 0.380005 8.46857
19.5869 0.380005 10.2148
17.9819 0.380005 15.3107
18.6042 0.380005 13.6404
19.1397 0.380005 11.9402
22.6415 -1.42999 17.5405
22.4032 -1.42999 18.1607
22.6415 -1.84859 17.5405
22.4032 -1.84859 18.1607
17.9882 0.869995 16.1408
17.9882 -1.84859 16.1408
11.7252 -1.13867 18.77
15.042 0.279999 17.9129
11.5995 -1.13867 18.3291
15.042 -1.84859 17.9129
10.3991 -2.1386 19.0878
18.267 0.869995 15.4906
18.267 -1.84859 15.4906
14.6595 0.279999 17.6066
10.2734 -2.1386 18.6469
17.8342 0.869995 15.305
17.8342 -1.84859 15.305
17.9882 -1.37859 16.1408
17.9882 0.399994 16.1408
17.5536 0.869995 15.9595
17.5536 -1.84859 15.9595
14.6595 -1.84859 17.6066
24.0313 -1.42999 -7.33954
24.2091 -1.42999 -6.69942
24.0313 -1.84859 -7.33954
24.2091 -1.84859 -6.69942
19.6299 0.869995 -5.3873
19.4147 0.869995 -6.06117
18.9647 0.869995 -5.92242
19.1934 0.869995 -5.24789
16.2418 0.279999 -8.24934
16.6519 0.279999 -8.51749
13.292 -1.28999 -9.76044
13.4594 -1.28999 -10.1873
13.4594 -1.84859 -10.1873
13.292 -1.84859 -9.76044
16.2418 -1.84859 -8.24934
18.9647 0.399994 -5.92242
18.9647 -1.84859 -5.92242
19.1934 -1.84859 -5.24789
19.6299 -1.84859 -5.3873
19.4147 -1.84859 -6.06117
19.4147 0.399994 -6.06117
16.6519 -1.84859 -8.51749
19.4147 -1.37859 -6.06117
13.2061 -1.53828 -7.48814
15.3193 -1.52057 -9.06784
13.4281 -1.76578 -9.72459
12.2631 -1.89204 -8.14632
13.2061 -1.37805 -7.48814
15.3193 -1.36034 -9.06784
15.4916 -1.36034 -8.79584
13.3785 -1.37805 -7.21613
13.3785 -1.2178 -7.21613
15.4916 -1.20009 -8.79584
15.8793 -1.19836 -8.66628
13.5509 -1.2178 -6.94411
13.5509 -1.05757 -6.94411
15.8793 -1.03812 -8.66628
16.0516 -1.03812 -8.39427
13.7232 -1.05757 -6.67207
13.7232 -0.897324 -6.67207
16.0516 -0.877884 -8.39427
16.3594 -0.876709 -8.2323
13.8955 -0.897324 -6.40007
13.8955 -0.737091 -6.40007
16.3594 -0.716476 -8.2323
16.6535 -0.715607 -8.00688
14.3457 -0.734787 -6.32991
14.3457 -0.574539 -6.32991
16.6535 -0.555374 -8.00688
16.9963 -0.553955 -7.85866
14.518 -0.574539 -6.05789
14.518 -0.414307 -6.05789
16.9963 -0.393707 -7.85866
17.1686 -0.393707 -7.58662
14.6904 -0.414307 -5.78587
14.6931 -0.256424 -5.7617
17.2852 -0.234894 -7.6452
17.4575 -0.234894 -7.37318
14.8655 -0.256424 -5.48969
14.8655 -0.096176 -5.48969
17.4575 -0.074646 -7.37318
17.8532 -0.074646 -7.23438
15.0525 -0.098083 -5.17676
15.0525 0.062149 -5.17676
17.8532 0.085587 -7.23438
15.2249 0.222397 -4.90474
18.0255 0.085587 -6.96236
15.2249 0.062149 -4.90474
18.0255 0.245834 -6.96236
18.1979 0.245834 -6.69032
15.3972 0.222397 -4.63272
15.3972 0.382629 -4.63272
18.1979 0.406067 -6.69032
18.4798 0.397324 -6.40474
22.6082 -0.778717 -4.5693
22.1785 -0.778717 -6.48653
21.8835 -0.778717 -6.39755
22.2966 -0.778717 -4.49863
22.9345 -0.778717 -2.6318
22.6096 -0.778717 -2.58064
23.1565 -0.778717 -0.679626
22.8216 -0.778717 -0.64888
22.932 -0.778717 1.29134
23.2736 -0.778717 1.28168
23.2854 -0.778717 3.2464
22.9406 -0.778717 3.23465
22.8472 -0.778717 5.17577
23.1919 -0.778717 5.20895
22.6522 -0.778717 7.1093
22.9934 -0.778717 7.16368
22.356 -0.778717 9.02995
22.6904 -0.778717 9.10495
21.9596 -0.778717 10.9324
22.2839 -0.778717 11.0272
21.464 -0.778717 12.8115
21.7749 -0.778717 12.9249
20.8705 -0.778717 14.662
21.1649 -0.778717 14.7926
20.1809 -0.778717 16.4789
20.4557 -0.778717 16.6249
22.6082 -0.923553 -4.5693
22.1785 -0.923553 -6.48653
22.9345 -0.923553 -2.6318
23.1565 -0.923553 -0.679626
23.2736 -0.923553 1.28168
23.2854 -0.923553 3.2464
23.1919 -0.923553 5.20895
22.9934 -0.923553 7.16368
22.6904 -0.923553 9.10495
22.2839 -0.923553 11.0272
21.7749 -0.923553 12.9249
21.1649 -0.923553 14.7926
20.4557 -0.923553 16.6249
20.8117 0.090317 -4.15266
20.4085 0.090317 -5.95271
20.1135 0.090317 -5.86374
20.5183 0.090317 -4.08388
21.1181 0.090317 -2.33366
20.8264 0.090317 -2.28474
21.3268 0.090317 -0.5009
21.0368 0.090317 -0.471603
21.4373 0.090317 1.34042
21.1491 0.090317 1.35025
21.1628 0.090317 3.17551
21.4493 0.090317 3.185
21.0778 0.090317 4.99884
21.3628 0.090317 5.0276
20.8946 0.090317 6.81493
21.1778 0.090317 6.86293
20.6135 0.090317 8.61847
20.8951 0.090317 8.68576
20.2354 0.090317 10.4042
20.5154 0.090317 10.4909
19.7614 0.090317 12.1669
20.0398 0.090317 12.2731
19.193 0.090317 13.9014
19.4696 0.090317 14.0274
18.5317 0.090317 15.6027
18.8065 0.090317 15.7488
20.8117 -0.05452 -4.15266
20.4085 -0.05452 -5.95271
21.1181 -0.05452 -2.33366
21.3268 -0.05452 -0.5009
21.4373 -0.05452 1.34042
21.4493 -0.05452 3.185
21.3628 -0.05452 5.0276
21.1778 -0.05452 6.86293
20.8951 -0.05452 8.68576
20.5154 -0.05452 10.4909
20.0398 -0.05452 12.2731
19.4696 -0.05452 14.0274
18.8065 -0.05452 15.7488
23.2283 -1.06841 -4.71046
22.7685 -1.06841 -6.66444
22.4735 -1.06841 -6.57549
22.9167 -1.06841 -4.63969
23.5787 -1.06841 -2.73393
23.2538 -1.06841 -2.68265
23.8188 -1.06841 -0.740997
23.4839 -1.06841 -0.710159
23.9479 -1.06841 1.26221
23.6063 -1.06841 1.27194
23.6206 -1.06841 3.25777
23.9655 -1.06841 3.26948
23.5267 -1.06841 5.24143
23.8715 -1.06841 5.27463
23.325 -1.06841 7.21703
23.6662 -1.06841 7.27145
23.016 -1.06841 9.17871
23.3504 -1.06841 9.25381
22.6007 -1.06841 11.1207
22.9249 -1.06841 11.2156
22.0803 -1.06841 13.0371
22.3911 -1.06841 13.1506
21.4563 -1.06841 14.9224
21.7507 -1.06841 15.0531
20.7306 -1.06841 16.771
21.0055 -1.06841 16.917
21.0055 -1.21324 16.917
21.7507 -1.21324 15.0531
22.3911 -1.21324 13.1506
22.9249 -1.21324 11.2156
23.3504 -1.21324 9.25381
23.6662 -1.21324 7.27145
23.8715 -1.21324 5.27463
23.9655 -1.21324 3.26948
23.9479 -1.21324 1.26221
23.8188 -1.21324 -0.740997
23.5787 -1.21324 -2.73393
23.2283 -1.21324 -4.71046
22.7685 -1.21324 -6.66444
21.3984 -0.199356 -4.2903
20.9985 -0.199356 -6.13065
20.7035 -0.199356 -6.04167
21.102 -0.199356 -4.22118
21.7014 -0.199356 -2.43156
21.4042 -0.199356 -2.38223
21.9068 -0.199356 -0.559525
21.6093 -0.199356 -0.529953
22.0139 -0.199356 1.32071
21.7167 -0.199356 1.33054
21.7262 -0.199356 3.19411
22.0225 -0.199356 3.20396
21.6377 -0.199356 5.0556
21.9326 -0.199356 5.0851
21.4514 -0.199356 6.90988
21.7444 -0.199356 6.95894
21.168 -0.199356 8.75179
21.4584 -0.199356 8.82037
20.788 -0.199356 10.5762
21.0754 -0.199356 10.6643
20.3127 -0.199356 12.3782
20.5965 -0.199356 12.4857
19.7433 -0.199356 14.1527
20.0229 -0.199356 14.2795
19.0814 -0.199356 15.8948
19.3563 -0.199356 16.0408
21.3984 -0.344193 -4.2903
20.9985 -0.344193 -6.13065
21.7014 -0.344193 -2.43156
21.9068 -0.344193 -0.559525
22.0139 -0.344193 1.32071
22.0225 -0.344193 3.20396
21.9326 -0.344193 5.0851
21.7444 -0.344193 6.95894
19.3563 -0.344193 16.0408
20.0229 -0.344193 14.2795
21.4584 -0.344193 8.82037
20.5965 -0.344193 12.4857
21.0754 -0.344193 10.6643
22.9167 -0.923553 -4.63969
22.4735 -0.923553 -6.57549
23.2538 -0.923553 -2.68265
23.4839 -0.923553 -0.710159
23.6063 -0.923553 1.27194
23.6206 -0.923553 3.25777
23.5267 -0.923553 5.24143
23.325 -0.923553 7.21703
23.016 -0.923553 9.17871
22.6007 -0.923553 11.1207
22.0803 -0.923553 13.0371
21.4563 -0.923553 14.9224
20.7306 -0.923553 16.771
23.8453 -1.35808 -4.8514
23.3585 -1.35808 -6.84239
23.0635 -1.35808 -6.75342
23.5446 -1.35808 -4.78182
24.2174 -1.35808 -2.83581
23.9123 -1.35808 -2.78595
24.4737 -1.35808 -0.802261
24.1656 -1.35808 -0.772354
24.6133 -1.35808 1.24261
24.3035 -1.35808 1.25241
24.6358 -1.35808 3.29215
24.3257 -1.35808 3.28174
24.232 -1.35808 5.30904
24.541 -1.35808 5.33958
24.0228 -1.35808 7.32767
24.3294 -1.35808 7.37826
23.6987 -1.35808 9.33109
24.0016 -1.35808 9.40152
23.2608 -1.35808 11.3127
23.5586 -1.35808 11.4027
22.7105 -1.35808 13.2662
23.0019 -1.35808 13.3753
22.0496 -1.35808 15.185
22.3334 -1.35808 15.3129
21.2804 -1.35808 17.063
21.5552 -1.35808 17.209
23.8453 -1.50291 -4.8514
23.3585 -1.50291 -6.84239
24.2174 -1.50291 -2.83581
24.4737 -1.50291 -0.802261
24.6133 -1.50291 1.24261
24.6358 -1.50291 3.29215
24.541 -1.50291 5.33958
24.3294 -1.50291 7.37826
24.0016 -1.50291 9.40152
23.5586 -1.50291 11.4027
23.0019 -1.50291 13.3753
22.3334 -1.50291 15.3129
21.5552 -1.50291 17.209
19.906 -0.489044 16.3329
20.5939 -0.489044 14.536
19.906 -0.633881 16.3329
20.5939 -0.633881 14.536
21.1857 -0.489044 12.7053
21.1857 -0.633881 12.7053
21.6796 -0.489044 10.8457
21.6796 -0.633881 10.8457
22.0744 -0.489044 8.96265
22.0744 -0.633881 8.96265
22.3689 -0.489044 7.0613
22.3689 -0.633881 7.0613
22.5623 -0.489044 5.14702
22.5623 -0.633881 5.14702
22.654 -0.489044 3.22519
22.654 -0.633881 3.22519
22.6438 -0.489044 1.30119
22.6438 -0.633881 1.30119
22.0033 -0.489044 -4.42979
21.5885 -0.489044 -6.30858
22.0033 -0.633881 -4.42979
21.5885 -0.633881 -6.30858
22.5316 -0.489044 -0.619553
22.5316 -0.633881 -0.619553
22.3179 -0.489044 -2.53168
22.3179 -0.633881 -2.53168
23.5446 -1.21324 -4.78182
23.0635 -1.21324 -6.75342
23.9123 -1.21324 -2.78595
24.1656 -1.21324 -0.772354
24.3035 -1.21324 1.25241
24.3257 -1.21324 3.28174
24.232 -1.21324 5.30904
24.0228 -1.21324 7.32767
23.6987 -1.21324 9.33109
23.2608 -1.21324 11.3127
22.7105 -1.21324 13.2662
22.0496 -1.21324 15.185
21.2804 -1.21324 17.063
20.2098 0.380005 -4.01347
19.8185 0.380005 -5.77477
20.507 0.380005 -2.23392
20.7094 0.380005 -0.441071
20.4659 0.380005 1.36961
20.8164 0.380005 1.35998
20.8276 0.380005 3.16417
20.7431 0.380005 4.96641
20.563 0.380005 6.76163
20.2879 0.380005 8.54475
19.9186 0.380005 10.3108
19.456 0.380005 12.0547
18.9016 0.380005 13.7716
18.2568 0.380005 15.4567
18.2568 0.235153 15.4567
18.9016 0.235153 13.7716
19.456 0.235153 12.0547
19.9186 0.235153 10.3108
20.2879 0.235153 8.54475
20.563 0.235153 6.76163
20.7431 0.235153 4.96641
20.8276 0.235153 3.16417
20.8164 0.235153 1.35998
20.7094 0.235153 -0.441071
20.507 0.235153 -2.23392
20.2098 0.235153 -4.01347
19.8185 0.235153 -5.77477
20.5183 0.235153 -4.08388
20.1135 0.235153 -5.86374
20.8264 0.235153 -2.28474
21.0368 0.235153 -0.471603
21.1491 0.235153 1.35025
21.1628 0.235153 3.17551
21.0778 0.235153 4.99884
20.8946 0.235153 6.81493
20.6135 0.235153 8.61847
20.2354 0.235153 10.4042
19.7614 0.235153 12.1669
19.193 0.235153 13.9014
18.5317 0.235153 15.6027
22.2966 -0.633881 -4.49863
21.8835 -0.633881 -6.39755
22.6096 -0.633881 -2.58064
22.8216 -0.633881 -0.64888
22.932 -0.633881 1.29134
22.9406 -0.633881 3.23465
22.8472 -0.633881 5.17577
22.6522 -0.633881 7.1093
22.356 -0.633881 9.02995
21.9596 -0.633881 10.9324
21.464 -0.633881 12.8115
20.8705 -0.633881 14.662
20.1809 -0.633881 16.4789
21.102 -0.05452 -4.22118
20.7035 -0.05452 -6.04167
21.4042 -0.05452 -2.38223
21.6093 -0.05452 -0.529953
21.7167 -0.05452 1.33054
21.7262 -0.05452 3.19411
21.6377 -0.05452 5.0556
21.4514 -0.05452 6.90988
21.168 -0.05452 8.75179
20.788 -0.05452 10.5762
20.3127 -0.05452 12.3782
19.7433 -0.05452 14.1527
19.0814 -0.05452 15.8948
21.7008 -0.344193 -4.36005
21.2935 -0.344193 -6.2196
22.0097 -0.344193 -2.48161
22.2192 -0.344193 -0.589539
22.3288 -0.344193 1.31094
22.3382 -0.344193 3.21458
22.2474 -0.344193 5.11606
22.0566 -0.344193 7.01012
21.7664 -0.344193 8.89151
21.3775 -0.344193 10.755
20.8911 -0.344193 12.5955
20.3084 -0.344193 14.4077
19.6311 -0.344193 16.1868
19.6311 -0.489044 16.1868
20.3084 -0.489044 14.4077
20.8911 -0.489044 12.5955
21.3775 -0.489044 10.755
21.7664 -0.489044 8.89151
22.0566 -0.489044 7.01012
22.2474 -0.489044 5.11606
22.3382 -0.489044 3.21458
22.3288 -0.489044 1.31094
22.2192 -0.489044 -0.589539
22.0097 -0.489044 -2.48161
21.7008 -0.489044 -4.36005
21.2935 -0.489044 -6.2196
24.429 -1.64777 -4.98854
23.9485 -1.64777 -7.02033
24.7952 -1.64777 -2.93309
25.0461 -1.64777 -0.860397
25.181 -1.64777 1.22307
25.1992 -1.64777 3.31081
25.1009 -1.64777 5.39632
24.8863 -1.64777 7.47308
24.5561 -1.64777 9.53464
24.1113 -1.64777 11.5745
23.5533 -1.64777 13.5864
22.8838 -1.64777 15.564
22.105 -1.64777 17.5011
22.105 -1.7926 17.5011
22.8838 -1.7926 15.564
23.5533 -1.7926 13.5864
24.1113 -1.7926 11.5745
24.5561 -1.7926 9.53464
24.8863 -1.7926 7.47308
25.1009 -1.7926 5.39632
25.1992 -1.7926 3.31081
25.181 -1.7926 1.22307
24.429 -1.7926 -4.98854
23.9485 -1.7926 -7.02033
25.0461 -1.7926 -0.860397
24.7952 -1.7926 -2.93309
19.5235 -1.7926 -5.68581
19.8952 -1.7926 -3.9425
20.1766 -1.7926 -2.18239
20.367 -1.7926 -0.410126
20.4659 -1.7926 1.36961
20.473 -1.7926 3.15207
20.3883 -1.7926 4.93253
20.2121 -1.7926 6.70625
19.9447 -1.7926 8.46857
19.5869 -1.7926 10.2148
19.1397 -1.7926 11.9402
18.6042 -1.7926 13.6404
17.9819 -1.7926 15.3107
numsurf 3529
SURF 0x10
mat 0
refs 3
0 0.939941 0.361816
1 0.93602 0.354431
2 0.908691 0.346191
SURF 0x10
mat 0
refs 3
0 0.939941 0.361816
2 0.908691 0.346191
1 0.93602 0.354431
SURF 0x10
mat 0
refs 3
3 0.987793 0.016113
4 0.973114 0.000488
5 0.972168 0.005493
SURF 0x10
mat 0
refs 3
3 0.987793 0.016113
5 0.972168 0.005493
4 0.973114 0.000488
SURF 0x10
mat 0
refs 3
6 0.783646 0.484375
7 0.773254 0.486206
8 0.775284 0.486816
SURF 0x10
mat 0
refs 3
6 0.783646 0.484375
8 0.775284 0.486816
7 0.773254 0.486206
SURF 0x10
mat 0
refs 3
6 0.782623 0.49057
9 0.774323 0.493011
10 0.772293 0.492401
SURF 0x10
mat 0
refs 3
6 0.782623 0.49057
10 0.772293 0.492401
9 0.774323 0.493011
SURF 0x10
mat 0
refs 3
6 0.783096 0.491333
11 0.768692 0.489044
7 0.772705 0.493164
SURF 0x10
mat 0
refs 3
6 0.783096 0.491333
7 0.772705 0.493164
11 0.768692 0.489044
SURF 0x10
mat 0
refs 3
6 0.782272 0.490173
10 0.771942 0.49202
12 0.767944 0.487885
SURF 0x10
mat 0
refs 3
6 0.782272 0.490173
12 0.767944 0.487885
10 0.771942 0.49202
SURF 0x10
mat 0
refs 3
13 0.783203 0.48407
11 0.768784 0.489258
6 0.783203 0.491547
SURF 0x10
mat 0
refs 3
6 0.783203 0.491547
11 0.768784 0.489258
13 0.783203 0.48407
SURF 0x10
mat 0
refs 3
13 0.782776 0.483444
14 0.76825 0.483917
11 0.768372 0.488647
SURF 0x10
mat 0
refs 3
13 0.782776 0.483444
11 0.768372 0.488647
14 0.76825 0.483917
SURF 0x10
mat 0
refs 3
6 0.782196 0.491394
12 0.767853 0.489136
13 0.782196 0.483932
SURF 0x10
mat 0
refs 3
13 0.782196 0.483932
12 0.767853 0.489136
6 0.782196 0.491394
SURF 0x10
mat 0
refs 3
3 0.781982 0.472717
5 0.756134 0.460571
15 0.759735 0.471909
SURF 0x10
mat 0
refs 3
3 0.781982 0.472717
15 0.759735 0.471909
5 0.756134 0.460571
SURF 0x10
mat 0
refs 3
13 0.783051 0.483383
16 0.782318 0.481094
14 0.768524 0.483856
SURF 0x10
mat 0
refs 3
13 0.783051 0.483383
14 0.768524 0.483856
16 0.782318 0.481094
SURF 0x10
mat 0
refs 3
13 0.782578 0.484024
12 0.76825 0.489227
17 0.768127 0.484512
SURF 0x10
mat 0
refs 3
13 0.782578 0.484024
17 0.768127 0.484512
12 0.76825 0.489227
SURF 0x10
mat 0
refs 3
3 0.779053 0.474243
15 0.756821 0.473434
18 0.767181 0.476837
SURF 0x10
mat 0
refs 3
3 0.779053 0.474243
18 0.767181 0.476837
15 0.756821 0.473434
SURF 0x10
mat 0
refs 3
16 0.782104 0.480774
18 0.767517 0.477615
14 0.768326 0.483612
SURF 0x10
mat 0
refs 3
16 0.782104 0.480774
14 0.768326 0.483612
18 0.767517 0.477615
SURF 0x10
mat 0
refs 3
13 0.78154 0.483429
17 0.76709 0.483917
16 0.780823 0.481125
SURF 0x10
mat 0
refs 3
13 0.78154 0.483429
16 0.780823 0.481125
17 0.76709 0.483917
SURF 0x10
mat 0
refs 3
1 0.796204 0.511124
19 0.795105 0.501266
2 0.758759 0.501663
SURF 0x10
mat 0
refs 3
1 0.796204 0.511124
2 0.758759 0.501663
19 0.795105 0.501266
SURF 0x10
mat 0
refs 3
16 0.782196 0.481216
3 0.779465 0.475555
18 0.767593 0.478149
SURF 0x10
mat 0
refs 3
16 0.782196 0.481216
18 0.767593 0.478149
3 0.779465 0.475555
SURF 0x10
mat 0
refs 3
16 0.781418 0.480942
17 0.7677 0.48378
20 0.766876 0.477798
SURF 0x10
mat 0
refs 3
16 0.781418 0.480942
20 0.766876 0.477798
17 0.7677 0.48378
SURF 0x10
mat 0
refs 3
1 0.796127 0.511169
21 0.758194 0.501709
19 0.794998 0.501312
SURF 0x10
mat 0
refs 3
1 0.796127 0.511169
19 0.794998 0.501312
21 0.758194 0.501709
SURF 0x10
mat 0
refs 3
16 0.780746 0.481232
20 0.766174 0.478149
3 0.778122 0.47554
SURF 0x10
mat 0
refs 3
16 0.780746 0.481232
3 0.778122 0.47554
20 0.766174 0.478149
SURF 0x10
mat 0
refs 3
0 0.803207 0.519943
21 0.757401 0.501038
1 0.797333 0.511017
SURF 0x10
mat 0
refs 3
0 0.803207 0.519943
1 0.797333 0.511017
21 0.757401 0.501038
SURF 0x10
mat 0
refs 3
3 0.779968 0.474274
20 0.768005 0.476852
22 0.757645 0.473465
SURF 0x10
mat 0
refs 3
3 0.779968 0.474274
22 0.757645 0.473465
20 0.768005 0.476852
SURF 0x10
mat 0
refs 3
23 0.809845 0.419144
21 0.757797 0.377594
0 0.803711 0.396317
SURF 0x10
mat 0
refs 3
23 0.809845 0.419144
0 0.803711 0.396317
21 0.757797 0.377594
SURF 0x10
mat 0
refs 3
3 0.781006 0.473923
22 0.758698 0.473129
24 0.755081 0.461792
SURF 0x10
mat 0
refs 3
3 0.781006 0.473923
24 0.755081 0.461792
22 0.758698 0.473129
SURF 0x10
mat 0
refs 3
23 0.809784 0.419418
25 0.7612 0.405914
21 0.76033 0.378448
SURF 0x10
mat 0
refs 3
23 0.809784 0.419418
21 0.76033 0.378448
25 0.7612 0.405914
SURF 0x10
mat 0
refs 3
3 0.781952 0.473328
24 0.757339 0.461456
26 0.758469 0.455719
SURF 0x10
mat 0
refs 3
3 0.781952 0.473328
26 0.758469 0.455719
24 0.757339 0.461456
SURF 0x10
mat 0
refs 3
23 0.81044 0.420395
27 0.808609 0.425644
25 0.761856 0.40686
SURF 0x10
mat 0
refs 3
23 0.81044 0.420395
25 0.761856 0.40686
27 0.808609 0.425644
SURF 0x10
mat 0
refs 3
23 0.810196 0.418503
