AC3Db
MATERIAL "def" rgb 0.72 0.72 0.72  amb 0.8 0.8 0.8  emis 0.08 0.08 0.08  spec 0.2 0.2 0.2  shi 128  trans 0
OBJECT world
kids 1
OBJECT group
name "PuertaSol2"
kids 1
OBJECT group
name "Default LOD"
kids 1
OBJECT poly
name "POLY_OS=0 HARD= BLEND=yes"
data 95
poly_os=0.000000
blend=-1.000000
hard_surf=
deck=0
mod_lit=0
wall=0
draw_disable=0
manip_type=0
texture "PuertaSol2_madrid1.png"
crease 45.000000
numvert 890
-2.41634 4.89278 15.9221
-2.41634 0.837967 15.9221
-2.21549 0.837967 17.9814
-1.94669 0.837967 19.6229
-1.94669 4.89278 19.6229
-2.21549 4.89278 17.9814
-2.15736 4.89278 17.9627
-0.43988 0.837967 17.4102
-0.43988 4.89278 17.4102
-3.99107 4.89278 18.5526
-3.99107 0.837967 18.5526
-4.78444 0.493378 17.7734
-4.80598 0.397995 17.7735
-4.71146 0.397995 18.4657
-4.69067 0.493378 18.46
-4.44099 0.397995 19.1098
-4.42239 0.493378 19.0989
-4.69731 0.493378 17.0859
-4.71815 0.397995 17.0804
-4.74046 0.649643 17.7732
-4.64825 0.649643 18.4484
-4.38442 0.649643 19.0767
-4.01305 0.397995 19.662
-3.99788 0.493378 19.6466
-4.43523 0.493378 16.4444
-4.45393 0.397995 16.4337
-4.65479 0.649643 17.0971
-4.68839 0.803452 17.7729
-4.59801 0.803452 18.4347
-4.33943 0.803452 19.0505
-3.96693 0.649643 19.6154
-3.44607 0.493378 20.0658
-3.45676 0.397995 20.0845
-4.01602 0.493378 15.8926
-4.03133 0.397995 15.8774
-4.39702 0.649643 16.4662
-4.6044 0.803452 17.1103
-4.62833 0.954361 17.7726
-4.54008 0.954361 18.4188
-4.28757 0.954361 19.0202
-3.93028 0.803452 19.5784
-3.42427 0.649643 20.0276
-2.80456 0.493378 20.3279
-2.81004 0.397995 20.3488
-3.46829 0.493378 15.4681
-3.47916 0.397995 15.4495
-3.98477 0.649643 15.9235
-4.35179 0.803452 16.492
-4.54633 0.954361 17.1256
-4.56049 1.10199 17.7723
-4.47463 1.10199 18.401
-4.22897 1.10199 18.986
-3.88803 0.954361 19.5357
-3.39844 0.803452 19.9824
-2.7934 0.649643 20.2854
-2.11699 0.397995 20.4366
-2.1171 0.493378 20.4151
-2.82935 0.493378 15.1998
-2.83504 0.397995 15.179
-3.44612 0.649643 15.5061
-3.94777 0.803452 15.9602
-4.29965 0.954361 16.5218
-4.4807 1.10199 17.1428
-4.48502 1.24594 17.7719
-4.40182 1.24594 18.3811
-4.1638 1.24594 18.9479
-3.84029 1.10199 19.4875
-3.36867 0.954361 19.9303
-2.78017 0.803452 20.235
-2.11731 0.649643 20.3711
-1.42482 0.397995 20.3421
-1.4305 0.493378 20.3213
-2.14275 0.493378 15.106
-2.14285 0.397995 15.0845
-2.81776 0.649643 15.2422
-3.41986 0.803452 15.551
-3.90511 0.954361 16.0024
-4.24072 1.10199 16.5554
-4.40771 1.24594 17.162
-4.40211 1.3858 17.7715
-4.32185 1.3858 18.3592
-4.09221 1.3858 18.9062
-3.78719 1.24594 19.4339
-3.33504 1.10199 19.8713
-2.76489 0.954361 20.177
-2.11755 0.803452 20.319
-1.44208 0.649643 20.2789
-0.780685 0.397995 20.0716
-0.79155 0.493378 20.053
-1.4498 0.397995 15.1723
-1.45528 0.493378 15.1931
-2.14255 0.649643 15.15
-2.80405 0.803452 15.2925
-3.38959 0.954361 15.6029
-3.85689 1.10199 16.0502
-4.17519 1.24594 16.5929
-4.32755 1.3858 17.1831
-4.31203 1.52126 17.7711
-4.23495 1.52126 18.3355
-4.0144 1.52126 18.8607
-3.72884 1.3858 19.375
-3.29761 1.24594 19.8058
-2.74765 1.10199 20.1113
-2.11784 0.954361 20.259
-1.4558 0.803452 20.2286
-0.813736 0.649643 20.015
-0.228516 0.397995 19.6437
-0.24382 0.493378 19.6285
-0.803085 0.397995 15.4365
-0.813766 0.493378 15.4552
-1.46645 0.649643 15.2357
-2.14229 0.803452 15.2021
-2.78822 0.954361 15.3504
-3.35538 1.10199 15.6615
-3.80327 1.24594 16.1033
-4.1032 1.3858 16.634
-4.24042 1.52126 17.2059
-4.215 1.65187 17.7706
-4.14134 1.65187 18.3099
-3.9306 1.65187 18.8118
-3.66545 1.52126 19.311
-3.25652 1.3858 19.7338
-2.72847 1.24594 20.0383
-2.11818 1.10199 20.1911
-1.47162 0.954361 20.1707
-0.839996 0.803452 19.97
-0.27507 0.649643 19.5975
0.194077 0.397995 19.0874
0.175369 0.493378 19.0767
-0.246811 0.397995 15.8591
-0.261963 0.493378 15.8744
-0.835587 0.649643 15.4934
-1.47969 0.803452 15.2861
-2.142 0.954361 15.2621
-2.77034 1.10199 15.4158
-3.31732 1.24594 15.7267
-3.74437 1.3858 16.1616
-4.02496 1.52126 16.6786
-4.14654 1.65187 17.2306
-4.11127 1.77734 17.7701
-4.04128 1.77734 18.2826
-3.84102 1.77734 18.7595
-3.59717 1.65187 19.242
-3.21185 1.52126 19.6556
-2.7074 1.3858 19.9582
-2.11855 1.24594 20.1156
-1.4895 1.10199 20.1052
-0.870255 0.954361 19.9182
-0.312073 0.803452 19.5609
0.137177 0.649643 19.0549
0.458298 0.397995 18.4407
0.437469 0.493378 18.4352
0.162537 0.493378 16.4222
0.181152 0.397995 16.4113
-0.292908 0.649643 15.9057
-0.861404 0.803452 15.5387
-1.49495 0.954361 15.3441
-2.14166 1.10199 15.33
-2.75046 1.24594 15.4886
-3.27553 1.3858 15.7982
-3.68037 1.52126 16.225
-3.94069 1.65187 16.7267
-4.04623 1.77734 17.257
-3.52417 1.77734 19.1683
-3.16373 1.65187 19.5713
-2.68451 1.52126 19.871
-2.11894 1.3858 20.0327
-1.50938 1.24594 20.0324
-0.904465 1.10199 19.8596
-0.354736 0.954361 19.5186
0.091949 0.803452 19.0291
0.394928 0.649643 18.424
0.546143 0.397995 17.7476
0.524597 0.493378 17.7477
0.430832 0.493378 17.0611
0.451614 0.397995 17.0554
0.124557 0.649643 16.4444
-0.329559 0.803452 15.9427
-0.891174 0.954361 15.5908
-1.51219 1.10199 15.4098
-2.1413 1.24594 15.4055
-2.72862 1.3858 15.5686
-3.2301 1.52126 15.8761
-3.61142 1.65187 16.2933
-3.8506 1.77734 16.7782
-3.1123 1.77734 19.4812
-2.65985 1.65187 19.7772
-2.11939 1.52126 19.9427
-1.53123 1.3858 19.9525
-0.94252 1.24594 19.7944
-0.402954 1.10199 19.4709
0.039795 0.954361 18.9993
0.344559 0.803452 18.4108
0.480621 0.649643 17.7479
0.388397 0.649643 17.0727
0.07959 0.803452 16.4706
-0.371826 0.954361 15.9854
-0.924805 1.10199 15.6497
-1.53137 1.24594 15.4828
-2.1409 1.3858 15.4883
-2.70488 1.52126 15.6555
-3.18118 1.65187 15.9599
-3.5377 1.77734 16.3663
-2.63348 1.77734 19.6768
-2.11984 1.65187 19.8456
-1.55498 1.52126 19.8656
-0.984314 1.3858 19.7228
-0.456573 1.24594 19.4178
-0.019119 1.10199 18.9657
0.286484 0.954361 18.3955
0.428543 0.803452 17.7482
0.338165 0.803452 17.0864
0.027725 0.954361 16.5009
-0.419556 1.10199 16.0336
-0.962234 1.24594 15.7153
-1.55244 1.3858 15.5629
-2.14047 1.52126 15.5784
-2.67931 1.65187 15.7491
-3.12888 1.77734 16.0494
-2.12035 1.77734 19.7419
-1.58054 1.65187 19.772
-1.02972 1.52126 19.645
-0.515472 1.3858 19.3595
-0.084671 1.24594 18.9282
0.220856 1.10199 18.3783
0.368484 0.954361 17.7485
0.280228 0.954361 17.1022
-0.030869 1.10199 16.5351
-0.472672 1.24594 16.0872
-1.00333 1.3858 15.7873
-1.57533 1.52126 15.6501
-2.14 1.65187 15.6755
-2.65198 1.77734 15.8492
-1.60786 1.77734 19.6719
-1.07866 1.65187 19.5612
-0.579483 1.52126 19.2961
-0.156647 1.3858 18.8871
0.147858 1.24594 18.3591
0.300644 1.10199 17.7488
0.214783 1.10199 17.1201
-0.096054 1.24594 16.5731
-0.531006 1.3858 16.1461
-1.048 1.52126 15.8655
-1.60001 1.65187 15.7439
-2.1395 1.77734 15.7792
-1.13097 1.77734 19.4716
-0.648438 1.65187 19.2278
-0.234894 1.52126 18.8425
0.067688 1.3858 18.338
0.225174 1.24594 17.7492
0.141968 1.24594 17.14
-0.167633 1.3858 16.6149
-0.594391 1.52126 16.2101
-1.09611 1.65187 15.9498
-1.62636 1.77734 15.8442
-0.722137 1.77734 19.1548
-0.319153 1.65187 18.7944
-0.01944 1.52126 18.3151
0.142273 1.3858 17.7496
0.062012 1.3858 17.1618
-0.245438 1.52126 16.6604
-0.662674 1.65187 16.2791
-1.14755 1.77734 16.0399
-0.409256 1.77734 18.7429
-0.113297 1.65187 18.2905
0.052185 1.52126 17.75
-0.024887 1.52126 17.1856
-0.329239 1.65187 16.7093
-0.735687 1.77734 16.3528
-0.213623 1.77734 18.2641
-0.044846 1.65187 17.7505
-0.118515 1.65187 17.2112
-0.418823 1.77734 16.7616
-0.14859 1.77734 17.751
-0.218582 1.77734 17.2385
-6.06879 0.425003 13.8596
-4.92493 0.192993 12.973
-6.06879 0.192993 13.8596
-4.92493 0.425003 12.973
-6.94421 0.425003 15.0119
-6.94421 0.192993 15.0119
-3.59059 0.192993 12.4128
-3.59059 0.425003 12.4128
-5.99507 0.505096 13.9326
-4.87262 0.505096 13.0626
-7.49158 0.425003 16.3516
-7.49158 0.192993 16.3516
-6.85413 0.505096 15.0634
-2.15671 0.192993 12.2169
-2.15671 0.425003 12.2169
-3.56325 0.505096 12.5128
-5.9151 0.57225 14.0118
-4.81587 0.57225 13.1598
-7.67352 0.425003 17.7873
-7.67352 0.192993 17.7873
-7.39123 0.505096 16.378
-6.75636 0.57225 15.1192
-0.721008 0.192993 12.3989
-0.721008 0.425003 12.3989
-2.1562 0.505096 12.3207
-3.5336 0.57225 12.6214
-5.83 0.625504 14.0961
-4.75549 0.625504 13.2633
-7.47771 0.425003 19.2212
-7.47771 0.192993 19.2212
-7.56978 0.505096 17.7868
-7.28236 0.57225 16.4066
-6.65237 0.625504 15.1786
0.618683 0.192993 12.9462
0.618683 0.425003 12.9462
-0.747375 0.505096 12.4992
-2.15567 0.57225 12.4332
-3.50204 0.625504 12.737
-5.741 0.664078 14.1842
-4.69234 0.664078 13.3714
-6.91744 0.425003 20.5556
-6.91744 0.192993 20.5556
-7.37762 0.505096 19.1939
-7.45723 0.57225 17.7863
-7.16653 0.625504 16.437
-6.54359 0.664078 15.2407
1.77106 0.192993 13.8217
1.77106 0.425003 13.8217
0.567245 0.505096 13.0363
-0.775986 0.57225 12.6081
-2.15509 0.625504 12.553
-3.46904 0.664078 12.8578
-5.64937 0.687454 14.2749
-4.6273 0.687454 13.4828
-6.0309 0.425003 21.6994
-6.0309 0.192993 21.6994
-6.82784 0.505096 20.5032
-7.26904 0.57225 19.1642
-7.33746 0.625504 17.7857
-7.04539 0.664078 16.4689
-6.43159 0.687454 15.3046
2.65759 0.425003 14.9655
2.65759 0.192993 14.9655
1.69804 0.505096 13.8954
0.511429 0.57225 13.1341
-0.806427 0.625504 12.7239
-2.15448 0.664078 12.6783
-3.43506 0.687454 12.9822
-5.55641 0.695297 14.367
-4.56134 0.695297 13.5958
-4.87852 0.425003 22.5748
-4.87852 0.192993 22.5748
-5.9579 0.505096 21.6257
-6.73064 0.57225 20.4465
-7.1535 0.625504 19.1327
-7.2122 0.664078 17.7851
-6.92065 0.687454 16.5016
-6.31796 0.695297 15.3695
3.21786 0.425003 16.2999
3.21786 0.192993 16.2999
2.56799 0.505096 15.0179
1.61885 0.57225 13.9754
0.452057 0.625504 13.2381
-0.838257 0.664078 12.8451
-2.15385 0.687454 12.8072
-3.40057 0.695297 13.1084
-5.46346 0.687454 14.4591
-4.49538 0.687454 13.7088
-3.53883 0.425003 23.1222
-3.53883 0.192993 23.1222
-4.82709 0.505096 22.4848
-5.87869 0.57225 21.5457
-6.6272 0.625504 20.3861
-7.03267 0.664078 19.0997
-7.08324 0.687454 17.7845
-6.79411 0.695297 16.5349
-6.20435 0.687454 15.4344
3.4137 0.425003 17.7337
3.4137 0.192993 17.7337
3.11778 0.505096 16.3272
2.47079 0.57225 15.0746
1.53458 0.625504 14.0605
0.389954 0.664078 13.3469
-0.871033 0.687454 12.9698
-2.15323 0.695297 12.9381
-3.3661 0.687454 13.2346
-5.37183 0.664078 14.5498
-4.43036 0.664078 13.8202
-2.10313 0.425003 23.3042
-2.10313 0.192993 23.3042
-3.51247 0.505096 23.0219
-4.77129 0.57225 22.387
-5.79442 0.625504 21.4606
-6.51903 0.664078 20.323
-6.90826 0.687454 19.0657
-6.95241 0.695297 17.7838
-6.66759 0.687454 16.5681
-6.09235 0.664078 15.4983
3.23173 0.425003 19.1695
3.23173 0.192993 19.1695
3.30994 0.505096 17.7343
3.00919 0.57225 16.3569
2.36736 0.625504 15.135
1.44643 0.664078 14.1495
0.326004 0.687454 13.4589
-0.904282 0.695297 13.0963
-2.15259 0.687454 13.0689
-3.33212 0.664078 13.359
-5.28282 0.625504 14.638
-4.3672 0.625504 13.9283
-0.669266 0.425003 23.1083
-0.669266 0.192993 23.1083
-2.10364 0.505096 23.2004
-3.48386 0.57225 22.913
-4.7119 0.625504 22.283
-5.70627 0.664078 21.3716
-6.40765 0.687454 20.2579
-6.78204 0.695297 19.0312
-6.82156 0.687454 17.7832
-6.54285 0.664078 16.6009
-5.98357 0.625504 15.5604
2.68439 0.425003 20.5092
2.68439 0.192993 20.5092
2.75558 0.425003 20.3349
3.13138 0.505096 19.1431
3.19739 0.57225 17.7348
2.89366 0.625504 16.3884
2.25919 0.664078 15.1981
1.35568 0.687454 14.2411
0.261139 0.695297 13.5725
-0.937531 0.687454 13.2229
-2.15198 0.664078 13.1979
-3.29912 0.625504 13.4799
-5.19772 0.57225 14.7222
-4.30682 0.57225 14.0318
0.665085 0.425003 22.548
0.665085 0.192993 22.548
-0.696594 0.505096 23.0082
-2.10419 0.57225 23.0878
-3.45343 0.625504 22.7971
-4.6498 0.664078 22.1742
-5.61552 0.687454 21.28
-6.29466 0.695297 20.192
-6.65584 0.687454 18.9967
-6.69261 0.664078 17.7826
-6.42171 0.625504 16.6328
-5.87956 0.57225 15.6198
2.65233 0.425003 20.5876
2.63132 0.425003 20.579
1.80894 0.425003 21.6615
1.80894 0.192993 21.6615
2.66036 0.505096 20.296
2.59428 0.505096 20.4577
3.02252 0.57225 19.1145
3.07762 0.625504 17.7354
2.77283 0.664078 16.4214
2.14781 0.687454 15.2632
1.26361 0.695297 14.3341
0.196274 0.687454 13.6861
-0.970306 0.664078 13.3476
-2.15137 0.625504 13.3231
-3.26756 0.57225 13.5954
-5.11775 0.505096 14.8015
-4.25008 0.505096 14.129
0.612762 0.505096 22.4585
-0.726257 0.57225 22.8997
-2.10477 0.625504 22.9681
-3.42159 0.664078 22.676
-4.58585 0.687454 22.0622
-5.52345 0.695297 21.187
-6.18167 0.687454 20.126
-6.53143 0.664078 18.9628
-6.56735 0.625504 17.782
-6.30586 0.57225 16.6632
-5.78182 0.505096 15.6756
1.73523 0.505096 21.5885
2.49654 0.57225 20.4019
2.55705 0.57225 20.2538
2.90669 0.625504 19.084
2.95236 0.664078 17.736
2.64842 0.687454 16.4554
2.03482 0.695297 15.3291
1.17154 0.687454 14.427
0.132324 0.664078 13.7981
-1.00215 0.625504 13.4688
-2.15079 0.57225 13.4429
-3.23792 0.505096 13.704
-5.04404 0.425003 14.8745
-4.19775 0.425003 14.2186
0.556015 0.57225 22.3613
-0.757797 0.625504 22.7841
-2.10536 0.664078 22.8428
-3.38881 0.687454 22.5513
-4.52098 0.695297 21.9486
-5.4314 0.687454 21.0941
-6.0703 0.664078 20.061
-6.4106 0.625504 18.9297
-6.44759 0.57225 17.7814
-6.19701 0.505096 16.6918
-5.69171 0.425003 15.727
1.65524 0.57225 21.5093
2.39252 0.625504 20.3425
2.44713 0.625504 20.2089
2.78554 0.664078 19.0522
2.8234 0.687454 17.7366
2.52222 0.695297 16.4899
1.92183 0.687454 15.3951
1.0808 0.664078 14.5186
0.070221 0.625504 13.9069
-1.03258 0.57225 13.5846
-2.15024 0.505096 13.5554
-3.70416 0.425003 14.0113
-3.21059 0.425003 13.8041
-4.19775 0.192993 14.2186
-5.04404 0.192993 14.8745
-5.69171 0.192993 15.727
0.495636 0.625504 22.2578
-0.790817 0.664078 22.6633
-2.10599 0.687454 22.7139
-3.35556 0.695297 22.4247
-4.45612 0.687454 21.835
-5.34064 0.664078 21.0024
-5.96213 0.625504 19.9978
-6.29506 0.57225 18.8982
-6.33502 0.505096 17.7809
-6.09666 0.425003 16.7182
1.57016 0.625504 21.425
2.28374 0.664078 20.2804
2.33217 0.664078 20.1619
2.66081 0.687454 19.0194
2.69257 0.695297 17.7372
2.396 0.687454 16.5244
1.81045 0.664078 15.4601
0.992645 0.625504 14.6077
0.010834 0.57225 14.0109
-1.06119 0.505096 13.6935
-2.14973 0.425003 13.6592
-3.21059 0.192993 13.8041
-6.09666 0.192993 16.7182
0.432495 0.664078 22.1497
-0.824783 0.687454 22.5389
-2.10661 0.695297 22.583
-3.32231 0.687454 22.2982
-4.39217 0.664078 21.723
-5.25249 0.625504 20.9134
-5.8587 0.57225 19.9374
-6.18648 0.505096 18.8685
-6.23128 0.425003 17.7804
1.48116 0.664078 21.3369
2.17174 0.687454 20.2165
2.21381 0.687454 20.1135
2.53427 0.695297 18.9862
2.56174 0.687454 17.7379
2.27158 0.664078 16.5583
1.70229 0.625504 15.5233
0.908371 0.57225 14.6927
-0.044968 0.505096 14.1087
-1.08756 0.425003 13.7938
-2.14973 0.192993 13.6592
-6.23128 0.192993 17.7804
0.367462 0.687454 22.0383
-0.859253 0.695297 22.4127
-2.10725 0.687454 22.4522
-3.28954 0.664078 22.1735
-4.33006 0.625504 21.6142
-5.16821 0.57225 20.8283
-5.76149 0.505096 19.8807
-6.08639 0.425003 18.8412
1.38953 0.687454 21.2461
2.09372 0.695297 20.0645
2.05812 0.695297 20.1516
2.40773 0.687454 18.9529
2.43275 0.664078 17.7385
2.15076 0.625504 16.5913
1.59885 0.57225 15.5836
0.829163 0.505096 14.7727
-0.096405 0.425003 14.1987
-1.08756 0.192993 13.7938
-6.08639 0.192993 18.8412
0.301498 0.695297 21.9253
-0.893738 0.687454 22.2865
-2.10786 0.664078 22.3232
-3.25771 0.625504 22.0523
-4.27069 0.57225 21.5102
-5.089 0.505096 20.7484
-5.67189 0.425003 19.8284
1.29657 0.695297 21.1541
1.97363 0.687454 20.0154
1.9445 0.687454 20.0867
2.283 0.664078 18.9202
2.3075 0.625504 17.7391
2.03522 0.57225 16.6229
1.50163 0.505096 15.6404
0.756165 0.425003 14.8464
-0.096405 0.192993 14.1987
-5.67189 0.192993 19.8284
0.235535 0.687454 21.8123
-0.927719 0.664078 22.162
-2.10847 0.625504 22.198
-3.22726 0.57225 21.9365
-4.21487 0.505096 21.4124
-5.01601 0.425003 20.6747
1.20361 0.687454 21.062
1.8325 0.664078 20.0228
1.85529 0.664078 19.9671
2.16185 0.625504 18.8883
2.18774 0.57225 17.7397
1.92664 0.505096 16.6526
1.41205 0.425003 15.6927
0.756165 0.192993 14.8464
-5.01601 0.192993 20.6747
0.170517 0.664078 21.7009
-0.960724 0.625504 22.0412
-2.10906 0.57225 22.0782
-3.19865 0.505096 21.8276
-4.16344 0.425003 21.3223
1.11197 0.664078 20.9713
1.74031 0.625504 19.9201
1.72372 0.625504 19.9607
2.04602 0.57225 18.8579
2.07518 0.505096 17.7402
1.82655 0.425003 16.6799
1.41205 0.192993 15.6927
-4.16344 0.192993 21.3223
0.107361 0.625504 21.5927
-0.992279 0.57225 21.9257
-2.1096 0.505096 21.9657
-3.17229 0.425003 21.7273
1.02296 0.625504 20.8831
1.63039 0.57225 19.8752
1.6197 0.57225 19.9013
1.93715 0.505096 18.8293
1.97144 0.425003 17.7407
1.82655 0.192993 16.6799
-3.17229 0.192993 21.7273
0.046982 0.57225 21.4893
-1.02193 0.505096 21.8171
-2.11011 0.425003 21.8619
0.937881 0.57225 20.7988
1.52708 0.505096 19.833
1.83681 0.425003 18.8029
1.97144 0.192993 17.7407
-2.11011 0.192993 21.8619
-0.009766 0.505096 21.3921
-1.04927 0.425003 21.717
0.857895 0.505096 20.7196
1.52196 0.505096 19.8455
1.43185 0.425003 19.7941
1.83681 0.192993 18.8029
-1.04927 0.192993 21.717
-0.062073 0.425003 21.3025
0.784195 0.425003 20.6466
1.43185 0.192993 19.7941
-0.062073 0.192993 21.3025
0.784195 0.192993 20.6466
-2.1131 0.014008 21.2423
-3.01482 0.014008 21.128
-1.21252 0.014008 21.1193
-3.85623 0.014008 20.7842
-0.374481 0.014008 20.7674
-4.57999 0.014008 20.2344
-5.1368 0.014008 19.516
-2.12035 0.014008 19.7419
-2.63348 0.014008 19.6768
-3.1123 0.014008 19.4812
-3.52417 0.014008 19.1683
-3.84102 0.014008 18.7595
-5.48868 0.014008 18.6779
-4.04128 0.014008 18.2826
-5.61166 0.014008 17.7774
-4.11127 0.014008 17.7701
-4.04623 0.014008 17.257
-5.49739 0.014008 16.8757
-3.8506 0.014008 16.7782
-3.5377 0.014008 16.3663
-3.12888 0.014008 16.0494
-5.15363 0.014008 16.0342
-2.65198 0.014008 15.8492
-2.1395 0.014008 15.7792
-4.60379 0.014008 15.3105
0.343933 0.014008 20.2106
-1.60786 0.014008 19.6719
0.893768 0.014008 19.4868
-1.13097 0.014008 19.4716
-0.722137 0.014008 19.1548
-0.409256 0.014008 18.7429
1.23753 0.014008 18.6454
-0.213623 0.014008 18.2641
-0.14859 0.014008 17.751
1.35184 0.014008 17.7437
-0.218582 0.014008 17.2385
1.22884 0.014008 16.8432
-0.418823 0.014008 16.7616
-0.735687 0.014008 16.3528
0.876953 0.014008 16.0051
-1.14755 0.014008 16.0399
-1.62636 0.014008 15.8442
0.320145 0.014008 15.2867
-0.403625 0.014008 14.7368
-3.88538 0.014008 14.7537
-3.04732 0.014008 14.4018
-1.24503 0.014008 14.3931
-2.14674 0.014008 14.2788
-2.12035 0.397995 19.7419
-2.63348 0.397995 19.6768
-1.60786 0.397995 19.6719
-3.1123 0.397995 19.4812
-2.53329 0.397995 19.2956
-3.52417 0.397995 19.1683
-2.91686 0.397995 19.1389
-3.2468 0.397995 18.8882
-3.84102 0.397995 18.7595
-3.5006 0.397995 18.5608
-4.04128 0.397995 18.2826
-3.66101 0.397995 18.1787
-4.11127 0.397995 17.7701
-3.71709 0.397995 17.7682
-3.66498 0.397995 17.3572
-4.04623 0.397995 17.257
-3.50827 0.397995 16.9736
-3.8506 0.397995 16.7782
-3.25763 0.397995 16.6437
-2.93015 0.397995 16.3899
-3.5377 0.397995 16.3663
-2.54813 0.397995 16.2294
-1.13097 0.397995 19.4716
-2.12225 0.397995 19.3477
-1.71173 0.397995 19.2916
-0.722137 0.397995 19.1548
-1.3297 0.397995 19.1312
-1.00221 0.397995 18.8774
-0.409256 0.397995 18.7429
-0.751572 0.397995 18.5475
-0.213623 0.397995 18.2641
-0.594864 0.397995 18.1639
-0.54277 0.397995 17.7529
-0.14859 0.397995 17.751
-0.598831 0.397995 17.3423
-0.218582 0.397995 17.2385
-0.759247 0.397995 16.9603
-0.418823 0.397995 16.7616
-1.01306 0.397995 16.6328
-1.34299 0.397995 16.3822
-0.735687 0.397995 16.3528
-1.72655 0.397995 16.2255
-2.13759 0.397995 16.1734
-1.14755 0.397995 16.0399
-3.12888 0.397995 16.0494
-2.65198 0.397995 15.8492
-1.62636 0.397995 15.8442
-2.1395 0.397995 15.7792
-2.13081 1.77734 17.764
-2.13168 1.77734 17.7636
-2.13242 1.77734 17.7631
-2.133 1.77734 17.7623
-2.13335 1.77734 17.7615
-2.13347 1.77734 17.7606
-2.13335 1.77734 17.7596
-2.133 1.77734 17.7588
-2.13245 1.77734 17.7581
-2.13171 1.77734 17.7575
-2.13086 1.77734 17.7571
-2.12991 1.77734 17.7641
-2.12898 1.77734 17.764
-2.12813 1.77734 17.7636
-2.1274 1.77734 17.763
-2.12685 1.77734 17.7623
-2.12649 1.77734 17.7614
-2.12637 1.77734 17.7605
-2.12649 1.77734 17.7596
-2.12686 1.77734 17.7588
-2.12743 1.77734 17.758
-2.12816 1.77734 17.7575
-2.12901 1.77734 17.7571
-2.12994 1.77734 17.757
-2.12225 1.12601 19.3477
-2.53329 1.12601 19.2956
-1.71173 1.12601 19.2916
-2.91686 1.12601 19.1389
-1.3297 1.12601 19.1312
-3.2468 1.12601 18.8882
-1.00221 1.12601 18.8774
-3.5006 1.12601 18.5608
-0.751572 1.12601 18.5475
-3.66101 1.12601 18.1787
-0.594864 1.12601 18.1639
-3.71709 1.12601 17.7682
-0.54277 1.12601 17.7529
-3.66498 1.12601 17.3572
-0.598831 1.12601 17.3423
-3.50827 1.12601 16.9736
-0.759247 1.12601 16.9603
-3.25763 1.12601 16.6437
-1.01306 1.12601 16.6328
-2.93015 1.12601 16.3899
-1.34299 1.12601 16.3822
-2.54813 1.12601 16.2294
-1.72655 1.12601 16.2255
-2.13759 1.12601 16.1734
0.876953 0.192993 16.0051
1.22884 0.192993 16.8432
0.320145 0.192993 15.2867
1.35184 0.192993 17.7437
-0.403625 0.192993 14.7368
1.23753 0.192993 18.6454
-1.24503 0.192993 14.3931
0.893768 0.192993 19.4868
-2.14674 0.192993 14.2788
0.343933 0.192993 20.2106
-3.04732 0.192993 14.4018
-0.374481 0.192993 20.7674
-3.88538 0.192993 14.7537
-1.21252 0.192993 21.1193
-4.60379 0.192993 15.3105
-2.1131 0.192993 21.2423
-5.15363 0.192993 16.0342
-3.01482 0.192993 21.128
-5.49739 0.192993 16.8757
-3.85623 0.192993 20.7842
-5.61166 0.192993 17.7774
-4.57999 0.192993 20.2344
-5.48868 0.192993 18.6779
-5.1368 0.192993 19.516
2.22626 -0.343002 22.0748
3.19443 -0.343002 20.8004
2.22626 -1.091 22.0748
3.19443 -1.091 20.8004
0.961197 -1.091 23.0553
0.961197 -0.343002 23.0553
-0.514496 -1.091 23.6749
-0.514496 -0.343002 23.6749
-2.1003 -1.091 23.8915
-2.1003 -0.343002 23.8915
-3.68811 -1.091 23.6902
-3.68811 -0.343002 23.6902
-5.16972 -1.091 23.0849
-5.16972 -0.343002 23.0849
-6.44418 -1.091 22.1167
-6.44418 -0.343002 22.1167
-7.42465 -0.343002 20.8517
-7.42465 -1.091 20.8517
-8.04428 -0.343002 19.376
-8.04428 -1.091 19.376
-8.26085 -0.343002 17.7902
-8.26085 -1.091 17.7902
-8.05962 -0.343002 16.2024
-8.05962 -1.091 16.2024
-7.45429 -0.343002 14.7207
-7.45429 -1.091 14.7207
-6.48608 -0.343002 13.4463
-6.48608 -1.091 13.4463
-5.22104 -1.091 12.4658
-5.22104 -0.343002 12.4658
-3.74535 -1.091 11.8462
-3.74535 -0.343002 11.8462
-2.15955 -1.091 11.6296
-2.15955 -0.343002 11.6296
-0.571747 -1.091 11.8309
-0.571747 -0.343002 11.8309
0.909882 -1.091 12.4362
0.909882 -0.343002 12.4362
2.18436 -1.091 13.4044
2.18436 -0.343002 13.4044
3.16479 -0.343002 14.6694
3.16479 -1.091 14.6694
3.79977 -0.343002 19.3187
3.79977 -1.091 19.3187
3.19443 0.192993 20.8004
3.79977 0.192993 19.3187
2.22626 0.192993 22.0748
0.961197 0.192993 23.0553
-0.514496 0.192993 23.6749
-2.1003 0.192993 23.8915
-3.68811 0.192993 23.6902
-5.16972 0.192993 23.0849
-6.44418 0.192993 22.1167
-7.42465 0.192993 20.8517
-8.04428 0.192993 19.376
-8.26085 0.192993 17.7902
-8.05962 0.192993 16.2024
-7.45429 0.192993 14.7207
-6.48608 0.192993 13.4463
-5.22104 0.192993 12.4658
-3.74535 0.192993 11.8462
-2.15955 0.192993 11.6296
-0.571747 0.192993 11.8309
0.909882 0.192993 12.4362
2.18436 0.192993 13.4044
3.16479 0.192993 14.6694
3.78442 -0.343002 16.1451
3.78442 -1.091 16.1451
4.00101 -0.343002 17.7309
4.00101 -1.091 17.7309
4.00101 0.192993 17.7309
3.78442 0.192993 16.1451
numsurf 2182
SURF 0x10
mat 0
refs 3
0 0.688721 0.125488
1 0.688721 0.000488
2 0.654068 0.000488
SURF 0x10
mat 0
refs 3
0 0.688721 0.125488
2 0.654068 0.000488
1 0.688721 0.000488
SURF 0x10
mat 0
refs 3
0 0.688721 0.125488
2 0.654068 0.000488
3 0.626221 0.000488
SURF 0x10
mat 0
refs 3
0 0.688721 0.125488
3 0.626221 0.000488
2 0.654068 0.000488
SURF 0x10
mat 0
refs 3
0 0.688721 0.125488
3 0.626221 0.000488
4 0.626221 0.125488
SURF 0x10
mat 0
refs 3
4 0.626221 0.000488
6 0.654266 0.000488
0 0.688721 0.000488
SURF 0x10
mat 0
refs 3
4 0.626221 0.000488
0 0.688721 0.000488
6 0.654266 0.000488
SURF 0x10
mat 0
refs 3
4 0.626221 0.125488
3 0.626221 0.000488
0 0.688721 0.125488
SURF 0x10
mat 0
refs 3
4 0.626221 0.000488
5 0.654068 0.000488
6 0.654266 0.000488
SURF 0x10
mat 0
refs 3
4 0.626221 0.000488
6 0.654266 0.000488
5 0.654068 0.000488
SURF 0x10
mat 0
refs 3
5 0.654068 0.000488
0 0.688721 0.000488
6 0.654266 0.000488
SURF 0x10
mat 0
refs 3
5 0.654068 0.000488
6 0.654266 0.000488
0 0.688721 0.000488
SURF 0x10
mat 0
refs 3
8 0.626221 0.125488
2 0.657471 0.000488
7 0.626221 0.000488
SURF 0x10
mat 0
refs 3
8 0.626221 0.125488
6 0.656448 0.125488
2 0.657471 0.000488
SURF 0x10
mat 0
refs 3
6 0.656448 0.125488
5 0.657471 0.125488
2 0.657471 0.000488
SURF 0x10
mat 0
refs 3
5 0.657471 0.125488
10 0.688721 0.000488
2 0.657471 0.000488
SURF 0x10
mat 0
refs 3
5 0.657471 0.125488
9 0.688721 0.125488
10 0.688721 0.000488
SURF 0x10
mat 0
refs 3
5 0.657471 0.125488
10 0.688721 0.000488
9 0.688721 0.125488
SURF 0x10
mat 0
refs 3
2 0.657471 0.000488
10 0.688721 0.000488
5 0.657471 0.125488
SURF 0x10
mat 0
refs 3
6 0.656448 0.125488
2 0.657471 0.000488
5 0.657471 0.125488
SURF 0x10
mat 0
refs 3
8 0.626221 0.125488
2 0.657471 0.000488
6 0.656448 0.125488
SURF 0x10
mat 0
refs 3
7 0.626221 0.000488
2 0.657471 0.000488
8 0.626221 0.125488
SURF 0x10
mat 0
refs 3
11 0.564087 0.036407
12 0.564117 0.033997
13 0.556427 0.033997
SURF 0x10
mat 0
refs 3
11 0.564087 0.036407
13 0.556427 0.033997
14 0.556458 0.036407
SURF 0x10
mat 0
refs 3
14 0.556458 0.036407
13 0.556427 0.033997
11 0.564087 0.036407
SURF 0x10
mat 0
refs 3
11 0.564087 0.036407
13 0.556427 0.033997
12 0.564117 0.033997
SURF 0x10
mat 0
refs 3
14 0.520935 0.013123
13 0.520966 0.010712
15 0.513275 0.010712
SURF 0x10
mat 0
refs 3
14 0.520935 0.013123
15 0.513275 0.010712
16 0.513306 0.013123
SURF 0x10
mat 0
refs 3
16 0.513306 0.013123
15 0.513275 0.010712
14 0.520935 0.013123
SURF 0x10
mat 0
refs 3
14 0.520935 0.013123
15 0.513275 0.010712
13 0.520966 0.010712
SURF 0x10
mat 0
refs 3
17 0.557724 0.061325
18 0.557755 0.058914
12 0.550064 0.058914
SURF 0x10
mat 0
refs 3
17 0.557724 0.061325
12 0.550064 0.058914
11 0.550095 0.061325
SURF 0x10
mat 0
refs 3
11 0.550095 0.061325
12 0.550064 0.058914
17 0.557724 0.061325
SURF 0x10
mat 0
refs 3
17 0.557724 0.061325
12 0.550064 0.058914
18 0.557755 0.058914
SURF 0x10
mat 0
refs 3
19 0.564026 0.031403
11 0.564087 0.027405
14 0.556458 0.027405
SURF 0x10
mat 0
refs 3
19 0.564026 0.031403
14 0.556458 0.027405
20 0.556519 0.031403
SURF 0x10
mat 0
refs 3
20 0.556519 0.031403
14 0.556458 0.027405
19 0.564026 0.031403
SURF 0x10
mat 0
refs 3
19 0.564026 0.031403
14 0.556458 0.027405
11 0.564087 0.027405
SURF 0x10
mat 0
refs 3
20 0.520874 0.065277
14 0.520935 0.061264
16 0.513306 0.061264
SURF 0x10
mat 0
refs 3
20 0.520874 0.065277
16 0.513306 0.061264
21 0.513367 0.065277
SURF 0x10
mat 0
refs 3
21 0.513367 0.065277
16 0.513306 0.061264
20 0.520874 0.065277
SURF 0x10
mat 0
refs 3
20 0.520874 0.065277
16 0.513306 0.061264
14 0.520935 0.061264
SURF 0x10
mat 0
refs 3
16 0.551926 0.055588
15 0.551971 0.053177
22 0.544281 0.053177
SURF 0x10
mat 0
refs 3
16 0.551926 0.055588
22 0.544281 0.053177
23 0.544312 0.055588
SURF 0x10
mat 0
refs 3
23 0.544312 0.055588
22 0.544281 0.053177
16 0.551926 0.055588
SURF 0x10
mat 0
refs 3
16 0.551926 0.055588
22 0.544281 0.053177
15 0.551971 0.053177
SURF 0x10
mat 0
refs 3
24 0.564774 0.023727
25 0.564804 0.021317
18 0.557114 0.021317
SURF 0x10
mat 0
refs 3
24 0.564774 0.023727
18 0.557114 0.021317
17 0.557144 0.023727
SURF 0x10
mat 0
refs 3
17 0.557144 0.023727
18 0.557114 0.021317
24 0.564774 0.023727
SURF 0x10
mat 0
refs 3
24 0.564774 0.023727
18 0.557114 0.021317
25 0.564804 0.021317
SURF 0x10
mat 0
refs 3
26 0.557663 0.062057
17 0.557724 0.058075
11 0.550095 0.058075
SURF 0x10
mat 0
refs 3
26 0.557663 0.062057
11 0.550095 0.058075
19 0.550156 0.062057
SURF 0x10
mat 0
refs 3
19 0.550156 0.062057
11 0.550095 0.058075
26 0.557663 0.062057
SURF 0x10
mat 0
refs 3
26 0.557663 0.062057
11 0.550095 0.058075
17 0.557724 0.058075
SURF 0x10
mat 0
refs 3
27 0.56395 0.026489
19 0.564026 0.022491
20 0.556519 0.022491
SURF 0x10
mat 0
refs 3
27 0.56395 0.026489
20 0.556519 0.022491
28 0.556595 0.026489
SURF 0x10
mat 0
refs 3
28 0.556595 0.026489
20 0.556519 0.022491
27 0.56395 0.026489
SURF 0x10
mat 0
refs 3
27 0.56395 0.026489
20 0.556519 0.022491
19 0.564026 0.022491
SURF 0x10
mat 0
refs 3
28 0.520782 0.055084
20 0.520874 0.051086
21 0.513367 0.051086
SURF 0x10
mat 0
refs 3
28 0.520782 0.055084
21 0.513367 0.051086
29 0.513443 0.055084
SURF 0x10
mat 0
refs 3
29 0.513443 0.055084
21 0.513367 0.051086
28 0.520782 0.055084
SURF 0x10
mat 0
refs 3
28 0.520782 0.055084
21 0.513367 0.051086
20 0.520874 0.051086
SURF 0x10
mat 0
refs 3
21 0.551865 0.040634
16 0.551926 0.036636
23 0.544312 0.036636
SURF 0x10
mat 0
refs 3
21 0.551865 0.040634
23 0.544312 0.036636
30 0.544373 0.040634
SURF 0x10
mat 0
refs 3
30 0.544373 0.040634
23 0.544312 0.036636
21 0.551865 0.040634
SURF 0x10
mat 0
refs 3
21 0.551865 0.040634
23 0.544312 0.036636
16 0.551926 0.036636
SURF 0x10
mat 0
refs 3
31 0.522354 0.040161
23 0.529984 0.040161
32 0.522324 0.03775
SURF 0x10
mat 0
refs 3
32 0.522324 0.03775
23 0.529984 0.040161
22 0.530014 0.03775
SURF 0x10
mat 0
refs 3
32 0.522324 0.03775
22 0.530014 0.03775
23 0.529984 0.040161
SURF 0x10
mat 0
refs 3
31 0.522354 0.040161
32 0.522324 0.03775
23 0.529984 0.040161
SURF 0x10
mat 0
refs 3
33 0.522247 0.04686
34 0.522278 0.044464
25 0.514587 0.044464
SURF 0x10
mat 0
refs 3
33 0.522247 0.04686
25 0.514587 0.044464
24 0.514633 0.04686
SURF 0x10
mat 0
refs 3
24 0.514633 0.04686
25 0.514587 0.044464
33 0.522247 0.04686
SURF 0x10
mat 0
refs 3
33 0.522247 0.04686
25 0.514587 0.044464
34 0.522278 0.044464
SURF 0x10
mat 0
refs 3
35 0.564713 0.030167
24 0.564774 0.026184
17 0.557144 0.026184
SURF 0x10
mat 0
refs 3
35 0.564713 0.030167
17 0.557144 0.026184
26 0.557205 0.030167
SURF 0x10
mat 0
refs 3
26 0.557205 0.030167
17 0.557144 0.026184
35 0.564713 0.030167
SURF 0x10
mat 0
refs 3
35 0.564713 0.030167
17 0.557144 0.026184
24 0.564774 0.026184
SURF 0x10
mat 0
refs 3
36 0.557587 0.062805
26 0.557663 0.058807
19 0.550156 0.058807
SURF 0x10
mat 0
refs 3
36 0.557587 0.062805
19 0.550156 0.058807
27 0.550232 0.062805
SURF 0x10
mat 0
refs 3
27 0.550232 0.062805
19 0.550156 0.058807
36 0.557587 0.062805
SURF 0x10
mat 0
refs 3
36 0.557587 0.062805
19 0.550156 0.058807
26 0.557663 0.058807
SURF 0x10
mat 0
refs 3
37 0.563858 0.021683
27 0.56395 0.017685
28 0.556595 0.017685
SURF 0x10
mat 0
refs 3
37 0.563858 0.021683
28 0.556595 0.017685
38 0.556686 0.021683
SURF 0x10
mat 0
refs 3
38 0.556686 0.021683
28 0.556595 0.017685
37 0.563858 0.021683
SURF 0x10
mat 0
refs 3
37 0.563858 0.021683
28 0.556595 0.017685
27 0.56395 0.017685
SURF 0x10
mat 0
refs 3
38 0.520706 0.04509
28 0.520782 0.041107
29 0.513443 0.041107
SURF 0x10
mat 0
refs 3
38 0.520706 0.04509
29 0.513443 0.041107
39 0.513535 0.04509
SURF 0x10
mat 0
refs 3
39 0.513535 0.04509
29 0.513443 0.041107
38 0.520706 0.04509
SURF 0x10
mat 0
refs 3
38 0.520706 0.04509
29 0.513443 0.041107
28 0.520782 0.041107
SURF 0x10
mat 0
refs 3
29 0.551804 0.025894
21 0.551865 0.021896
30 0.544373 0.021896
SURF 0x10
mat 0
refs 3
29 0.551804 0.025894
30 0.544373 0.021896
40 0.544449 0.025894
SURF 0x10
mat 0
refs 3
40 0.544449 0.025894
30 0.544373 0.021896
29 0.551804 0.025894
SURF 0x10
mat 0
refs 3
29 0.551804 0.025894
30 0.544373 0.021896
21 0.551865 0.021896
SURF 0x10
mat 0
refs 3
41 0.52243 0.021652
30 0.529922 0.021652
31 0.522354 0.017654
SURF 0x10
mat 0
refs 3
31 0.522354 0.017654
30 0.529922 0.021652
23 0.529984 0.017654
SURF 0x10
mat 0
refs 3
31 0.522354 0.017654
23 0.529984 0.017654
30 0.529922 0.021652
SURF 0x10
mat 0
refs 3
41 0.52243 0.021652
31 0.522354 0.017654
30 0.529922 0.021652
SURF 0x10
mat 0
refs 3
42 0.507202 0.030396
31 0.514832 0.030396
43 0.507172 0.027985
SURF 0x10
mat 0
refs 3
43 0.507172 0.027985
31 0.514832 0.030396
32 0.514862 0.027985
SURF 0x10
mat 0
refs 3
43 0.507172 0.027985
32 0.514862 0.027985
31 0.514832 0.030396
SURF 0x10
mat 0
refs 3
42 0.507202 0.030396
43 0.507172 0.027985
31 0.514832 0.030396
SURF 0x10
mat 0
refs 3
44 0.553802 0.004196
45 0.553833 0.001785
33 0.546173 0.004196
SURF 0x10
mat 0
refs 3
45 0.553833 0.001785
34 0.546143 0.001785
33 0.546173 0.004196
SURF 0x10
mat 0
refs 3
45 0.553833 0.001785
33 0.546173 0.004196
34 0.546143 0.001785
SURF 0x10
mat 0
refs 3
44 0.553802 0.004196
33 0.546173 0.004196
45 0.553833 0.001785
SURF 0x10
mat 0
refs 3
46 0.522186 0.05864
33 0.522247 0.054657
24 0.514633 0.054657
SURF 0x10
mat 0
refs 3
46 0.522186 0.05864
24 0.514633 0.054657
35 0.514694 0.05864
SURF 0x10
mat 0
refs 3
35 0.514694 0.05864
24 0.514633 0.054657
46 0.522186 0.05864
SURF 0x10
mat 0
refs 3
46 0.522186 0.05864
24 0.514633 0.054657
33 0.522247 0.054657
SURF 0x10
mat 0
refs 3
47 0.564636 0.03656
35 0.564713 0.032562
26 0.557205 0.032562
SURF 0x10
mat 0
refs 3
47 0.564636 0.03656
26 0.557205 0.032562
36 0.557281 0.03656
SURF 0x10
mat 0
refs 3
36 0.557281 0.03656
26 0.557205 0.032562
47 0.564636 0.03656
SURF 0x10
mat 0
refs 3
47 0.564636 0.03656
26 0.557205 0.032562
35 0.564713 0.032562
SURF 0x10
mat 0
refs 3
48 0.557495 0.063553
36 0.557587 0.059555
27 0.550232 0.059555
SURF 0x10
mat 0
refs 3
48 0.557495 0.063553
27 0.550232 0.059555
37 0.550323 0.063553
SURF 0x10
mat 0
refs 3
37 0.550323 0.063553
27 0.550232 0.059555
48 0.557495 0.063553
SURF 0x10
mat 0
refs 3
48 0.557495 0.063553
27 0.550232 0.059555
36 0.557587 0.059555
SURF 0x10
mat 0
refs 3
49 0.563766 0.016983
37 0.563858 0.013
38 0.556686 0.013
SURF 0x10
mat 0
refs 3
49 0.563766 0.016983
38 0.556686 0.013
50 0.556778 0.016983
SURF 0x10
mat 0
refs 3
50 0.556778 0.016983
38 0.556686 0.013
49 0.563766 0.016983
SURF 0x10
mat 0
refs 3
49 0.563766 0.016983
38 0.556686 0.013
37 0.563858 0.013
SURF 0x10
mat 0
refs 3
50 0.520615 0.035324
38 0.520706 0.031326
39 0.513535 0.031326
SURF 0x10
mat 0
refs 3
50 0.520615 0.035324
39 0.513535 0.031326
51 0.513626 0.035324
SURF 0x10
mat 0
refs 3
51 0.513626 0.035324
39 0.513535 0.031326
50 0.520615 0.035324
SURF 0x10
mat 0
refs 3
50 0.520615 0.035324
39 0.513535 0.031326
38 0.520706 0.031326
SURF 0x10
mat 0
refs 3
39 0.551712 0.011444
29 0.551804 0.007446
40 0.544449 0.007446
SURF 0x10
mat 0
refs 3
39 0.551712 0.011444
40 0.544449 0.007446
52 0.544525 0.011444
SURF 0x10
mat 0
refs 3
52 0.544525 0.011444
40 0.544449 0.007446
39 0.551712 0.011444
SURF 0x10
mat 0
refs 3
39 0.551712 0.011444
40 0.544449 0.007446
29 0.551804 0.007446
SURF 0x10
mat 0
refs 3
53 0.522507 0.065918
40 0.529846 0.065918
41 0.52243 0.061935
SURF 0x10
mat 0
refs 3
41 0.52243 0.061935
40 0.529846 0.065918
30 0.529922 0.061935
SURF 0x10
mat 0
refs 3
41 0.52243 0.061935
30 0.529922 0.061935
40 0.529846 0.065918
SURF 0x10
mat 0
refs 3
53 0.522507 0.065918
41 0.52243 0.061935
40 0.529846 0.065918
SURF 0x10
mat 0
refs 3
54 0.507263 0.009628
41 0.514755 0.009628
42 0.507202 0.005646
SURF 0x10
mat 0
refs 3
42 0.507202 0.005646
41 0.514755 0.009628
31 0.514832 0.005646
SURF 0x10
mat 0
refs 3
42 0.507202 0.005646
31 0.514832 0.005646
41 0.514755 0.009628
SURF 0x10
mat 0
refs 3
54 0.507263 0.009628
42 0.507202 0.005646
41 0.514755 0.009628
SURF 0x10
mat 0
refs 3
55 0.558075 0.024536
56 0.558105 0.026947
43 0.56575 0.024536
SURF 0x10
mat 0
refs 3
56 0.558105 0.026947
42 0.56572 0.026947
43 0.56575 0.024536
SURF 0x10
mat 0
refs 3
56 0.558105 0.026947
43 0.56575 0.024536
42 0.56572 0.026947
SURF 0x10
mat 0
refs 3
55 0.558075 0.024536
43 0.56575 0.024536
56 0.558105 0.026947
SURF 0x10
mat 0
refs 3
57 0.532288 0.019363
58 0.532303 0.016953
44 0.524643 0.019363
SURF 0x10
mat 0
refs 3
58 0.532303 0.016953
45 0.524612 0.016953
44 0.524643 0.019363
SURF 0x10
mat 0
refs 3
58 0.532303 0.016953
44 0.524643 0.019363
45 0.524612 0.016953
SURF 0x10
mat 0
refs 3
57 0.532288 0.019363
44 0.524643 0.019363
58 0.532303 0.016953
SURF 0x10
mat 0
refs 3
59 0.553741 0.020523
44 0.553802 0.016541
46 0.546234 0.020523
SURF 0x10
mat 0
refs 3
44 0.553802 0.016541
33 0.546173 0.016541
46 0.546234 0.020523
SURF 0x10
mat 0
refs 3
44 0.553802 0.016541
46 0.546234 0.020523
33 0.546173 0.016541
SURF 0x10
mat 0
refs 3
59 0.553741 0.020523
46 0.546234 0.020523
44 0.553802 0.016541
SURF 0x10
mat 0
refs 3
60 0.52211 0.007767
46 0.522186 0.003784
35 0.514694 0.003784
SURF 0x10
mat 0
refs 3
60 0.52211 0.007767
35 0.514694 0.003784
47 0.514755 0.007767
SURF 0x10
mat 0
refs 3
47 0.514755 0.007767
35 0.514694 0.003784
60 0.52211 0.007767
SURF 0x10
mat 0
refs 3
60 0.52211 0.007767
35 0.514694 0.003784
46 0.522186 0.003784
SURF 0x10
mat 0
refs 3
61 0.564545 0.042847
47 0.564636 0.038849
36 0.557281 0.038849
SURF 0x10
mat 0
refs 3
61 0.564545 0.042847
36 0.557281 0.038849
48 0.557373 0.042847
SURF 0x10
mat 0
refs 3
48 0.557373 0.042847
36 0.557281 0.038849
61 0.564545 0.042847
SURF 0x10
mat 0
refs 3
61 0.564545 0.042847
36 0.557281 0.038849
47 0.564636 0.038849
SURF 0x10
mat 0
refs 3
62 0.557404 0.064301
48 0.557495 0.060303
37 0.550323 0.060303
SURF 0x10
mat 0
refs 3
62 0.557404 0.064301
37 0.550323 0.060303
49 0.550415 0.064301
SURF 0x10
mat 0
refs 3
49 0.550415 0.064301
37 0.550323 0.060303
62 0.557404 0.064301
SURF 0x10
mat 0
refs 3
62 0.557404 0.064301
37 0.550323 0.060303
48 0.557495 0.060303
SURF 0x10
mat 0
refs 3
63 0.563644 0.012436
49 0.563766 0.008438
50 0.556778 0.008438
SURF 0x10
mat 0
refs 3
63 0.563644 0.012436
50 0.556778 0.008438
64 0.556885 0.012436
SURF 0x10
mat 0
refs 3
64 0.556885 0.012436
50 0.556778 0.008438
63 0.563644 0.012436
SURF 0x10
mat 0
refs 3
63 0.563644 0.012436
50 0.556778 0.008438
49 0.563766 0.008438
SURF 0x10
mat 0
refs 3
64 0.520493 0.025803
50 0.520615 0.021805
51 0.513626 0.021805
SURF 0x10
mat 0
refs 3
64 0.520493 0.025803
51 0.513626 0.021805
65 0.513733 0.025803
SURF 0x10
mat 0
refs 3
65 0.513733 0.025803
51 0.513626 0.021805
64 0.520493 0.025803
SURF 0x10
mat 0
refs 3
64 0.520493 0.025803
51 0.513626 0.021805
50 0.520615 0.021805
SURF 0x10
mat 0
refs 3
51 0.551605 0.059799
39 0.551712 0.055817
52 0.544525 0.055817
SURF 0x10
mat 0
refs 3
51 0.551605 0.059799
52 0.544525 0.055817
66 0.544632 0.059799
SURF 0x10
mat 0
refs 3
66 0.544632 0.059799
52 0.544525 0.055817
51 0.551605 0.059799
SURF 0x10
mat 0
refs 3
51 0.551605 0.059799
52 0.544525 0.055817
39 0.551712 0.055817
SURF 0x10
mat 0
refs 3
67 0.522583 0.048035
52 0.529755 0.048035
53 0.522507 0.044037
SURF 0x10
mat 0
refs 3
53 0.522507 0.044037
52 0.529755 0.048035
40 0.529846 0.044037
SURF 0x10
mat 0
refs 3
53 0.522507 0.044037
40 0.529846 0.044037
52 0.529755 0.048035
SURF 0x10
mat 0
refs 3
67 0.522583 0.048035
53 0.522507 0.044037
52 0.529755 0.048035
SURF 0x10
mat 0
refs 3
68 0.507339 0.051697
53 0.514694 0.051697
54 0.507263 0.047699
SURF 0x10
mat 0
refs 3
54 0.507263 0.047699
53 0.514694 0.051697
41 0.514755 0.047699
SURF 0x10
mat 0
refs 3
54 0.507263 0.047699
41 0.514755 0.047699
53 0.514694 0.051697
SURF 0x10
mat 0
refs 3
68 0.507339 0.051697
54 0.507263 0.047699
53 0.514694 0.051697
SURF 0x10
mat 0
refs 3
56 0.558105 0.001404
69 0.558167 0.005386
42 0.56572 0.001404
SURF 0x10
mat 0
refs 3
69 0.558167 0.005386
54 0.565659 0.005386
42 0.56572 0.001404
SURF 0x10
mat 0
refs 3
69 0.558167 0.005386
42 0.56572 0.001404
54 0.565659 0.005386
SURF 0x10
mat 0
refs 3
56 0.558105 0.001404
42 0.56572 0.001404
69 0.558167 0.005386
SURF 0x10
mat 0
refs 3
70 0.546555 0.027634
71 0.546585 0.030045
55 0.554245 0.027634
SURF 0x10
mat 0
refs 3
71 0.546585 0.030045
56 0.554214 0.030045
55 0.554245 0.027634
SURF 0x10
mat 0
refs 3
71 0.546585 0.030045
55 0.554245 0.027634
56 0.554214 0.030045
SURF 0x10
mat 0
refs 3
70 0.546555 0.027634
55 0.554245 0.027634
71 0.546585 0.030045
SURF 0x10
mat 0
refs 3
72 0.51738 0.028809
73 0.51741 0.026413
57 0.50975 0.028809
SURF 0x10
mat 0
refs 3
73 0.51741 0.026413
58 0.50972 0.026413
57 0.50975 0.028809
SURF 0x10
mat 0
refs 3
73 0.51741 0.026413
57 0.50975 0.028809
58 0.50972 0.026413
SURF 0x10
mat 0
refs 3
72 0.51738 0.028809
57 0.50975 0.028809
73 0.51741 0.026413
SURF 0x10
mat 0
refs 3
74 0.532211 0.039185
57 0.532288 0.035187
59 0.524704 0.039185
SURF 0x10
mat 0
refs 3
57 0.532288 0.035187
44 0.524643 0.035187
59 0.524704 0.039185
SURF 0x10
mat 0
refs 3
57 0.532288 0.035187
59 0.524704 0.039185
44 0.524643 0.035187
SURF 0x10
mat 0
refs 3
74 0.532211 0.039185
59 0.524704 0.039185
57 0.532288 0.035187
SURF 0x10
mat 0
refs 3
75 0.553665 0.036667
