AC3Db
MATERIAL "def" rgb 0.72 0.72 0.72  amb 0.8 0.8 0.8  emis 0.08 0.08 0.08  spec 0.2 0.2 0.2  shi 128  trans 0
OBJECT world
kids 1
OBJECT group
name "TemploDebod"
kids 1
OBJECT group
name "Default LOD"
kids 1
OBJECT poly
name "POLY_OS=0 HARD= BLEND=yes"
data 95
poly_os=0.000000
blend=-1.000000
hard_surf=
deck=0
mod_lit=0
wall=0
draw_disable=0
manip_type=0
texture "TemploDebod_madrid1.png"
crease 45.000000
numvert 71
2.34679 1 7.87564
3.27098 3.768 13.1037
3.27098 1 13.1037
2.34679 3.768 7.87564
-1.20366 3.768 13.9496
-1.20366 1 13.9496
-2.09122 3.768 8.61388
-2.09122 1 8.61388
-18.1718 6.90247 0.158203
-15.6158 6.90247 11.2235
-18.1718 1 0.158203
-15.6158 1 11.2235
2.05414 6.90247 -3.68518
2.05414 1 -3.68518
4.091 6.90247 7.40865
4.091 1 7.40865
55.7839 6.54633 -7.12698
54.8272 6.54633 -10.7395
55.7839 0.317993 -7.12698
54.8272 0.317993 -10.7395
53.8522 6.54633 -10.4813
54.8089 6.54633 -6.86879
53.8522 0.317993 -10.4813
54.8089 0.317993 -6.86879
30.6816 6.40706 -6.02071
31.6169 6.40706 -2.48901
30.6816 0.317993 -6.02071
31.6169 0.317993 -2.48901
29.7227 6.44299 -5.76675
30.6634 6.44299 -2.2142
29.7227 0.317993 -5.76675
30.6634 0.317993 -2.2142
54.8272 6.51717 -10.7395
53.8522 6.51717 -10.4813
54.8089 6.51717 -6.86879
55.7839 6.51717 -7.12698
30.6816 6.41518 -6.02071
29.7227 6.41518 -5.76675
30.6522 6.48695 -2.21123
31.6224 6.48695 -2.46815
30.6522 0.317993 -2.21123
31.6224 0.317993 -2.46815
55.8225 6.51717 -7.13721
54.8658 6.51717 -10.7497
29.7364 6.48695 -5.66924
30.7066 6.48695 -5.92618
-2.3812 3.768 7.75272
3.28372 3.768 13.0969
2.10617 3.768 6.90001
-17.7343 6.90247 0.075073
4.17261 6.90247 7.46323
2.05415 6.90247 -3.6852
4.091 6.8651 7.40865
1.98541 6.8651 -3.67212
1.98541 1 -3.67212
11.9895 0 7.37203
65.1568 0.317993 -2.96036
11.9895 0.317993 7.37203
65.1568 0 -2.96036
62.0212 0.317993 -19.1953
62.0212 0 -19.1953
12.5634 0 15.9921
12.5634 0.317993 15.9921
8.97275 0 -6.70381
8.97275 0.317993 -6.70381
8.61842 0.317993 16.8008
8.61842 0 16.8008
6.43684 0 -16.2797
6.43684 0.317993 -16.2797
2.05791 0 -15.6181
2.05791 0.317993 -15.6181
numsurf 82
SURF 0x10
mat 0
refs 3
3 0.03096 0.198959
2 0.212402 0.00975
0 0.03096 0.00975
SURF 0x10
mat 0
refs 3
1 0.212402 0.198959
2 0.212402 0.00975
3 0.03096 0.198959
SURF 0x10
mat 0
refs 3
1 0.037796 0.198959
4 0.19342 0.198959
5 0.19342 0.00975
SURF 0x10
mat 0
refs 3
1 0.037796 0.198959
5 0.19342 0.00975
2 0.037796 0.00975
SURF 0x10
mat 0
refs 3
6 0.223282 0.198959
7 0.223282 0.00975
4 0.038437 0.198959
SURF 0x10
mat 0
refs 3
4 0.038437 0.198959
7 0.223282 0.00975
5 0.038437 0.00975
SURF 0x10
mat 0
refs 3
8 0.448959 0.413193
10 0.448959 0.00975
9 0.060837 0.413193
SURF 0x10
mat 0
refs 3
9 0.060837 0.413193
10 0.448959 0.00975
11 0.060837 0.00975
SURF 0x10
mat 0
refs 3
13 0.719437 0.00975
8 0.015839 0.413193
12 0.719437 0.413193
SURF 0x10
mat 0
refs 3
13 0.719437 0.00975
10 0.015839 0.00975
8 0.015839 0.413193
SURF 0x10
mat 0
refs 3
14 0.037811 0.413193
9 0.723801 0.413193
15 0.037811 0.00975
SURF 0x10
mat 0
refs 3
15 0.037811 0.00975
9 0.723801 0.413193
11 0.723801 0.00975
SURF 0x10
mat 0
refs 3
16 0.755859 0.253906
18 0.755859 0.003906
17 0.880859 0.253906
SURF 0x10
mat 0
refs 3
17 0.880859 0.253906
18 0.755859 0.003906
19 0.880859 0.003906
SURF 0x10
mat 0
refs 3
17 0.880859 0.253906
18 0.755859 0.003906
16 0.755859 0.253906
SURF 0x10
mat 0
refs 3
17 0.880859 0.253906
19 0.880859 0.003906
18 0.755859 0.003906
SURF 0x10
mat 0
refs 3
20 0.755859 0.253906
22 0.755859 0.003906
21 0.880859 0.253906
SURF 0x10
mat 0
refs 3
21 0.880859 0.253906
22 0.755859 0.003906
23 0.880859 0.003906
SURF 0x10
mat 0
refs 3
21 0.880859 0.253906
22 0.755859 0.003906
20 0.755859 0.253906
SURF 0x10
mat 0
refs 3
21 0.880859 0.253906
23 0.880859 0.003906
22 0.755859 0.003906
SURF 0x10
mat 0
refs 3
24 0.755859 0.253906
26 0.755859 0.003906
25 0.880859 0.253906
SURF 0x10
mat 0
refs 3
25 0.880859 0.253906
26 0.755859 0.003906
27 0.880859 0.003906
SURF 0x10
mat 0
refs 3
25 0.880859 0.253906
26 0.755859 0.003906
24 0.755859 0.253906
SURF 0x10
mat 0
refs 3
25 0.880859 0.253906
27 0.880859 0.003906
26 0.755859 0.003906
SURF 0x10
mat 0
refs 3
28 0.755859 0.253906
30 0.755859 0.003906
29 0.880859 0.253906
SURF 0x10
mat 0
refs 3
29 0.880859 0.253906
30 0.755859 0.003906
31 0.880859 0.003906
SURF 0x10
mat 0
refs 3
29 0.880859 0.253906
30 0.755859 0.003906
28 0.755859 0.253906
SURF 0x10
mat 0
refs 3
29 0.880859 0.253906
31 0.880859 0.003906
30 0.755859 0.003906
SURF 0x10
mat 0
refs 3
19 0.919922 0.003906
33 0.951172 0.253906
32 0.919922 0.253906
SURF 0x10
mat 0
refs 3
19 0.919922 0.003906
22 0.951172 0.003906
33 0.951172 0.253906
SURF 0x10
mat 0
refs 3
32 0.919922 0.253906
33 0.951172 0.253906
19 0.919922 0.003906
SURF 0x10
mat 0
refs 3
19 0.919922 0.003906
33 0.951172 0.253906
22 0.951172 0.003906
SURF 0x10
mat 0
refs 3
35 0.951172 0.253906
34 0.919922 0.253906
23 0.919922 0.003906
SURF 0x10
mat 0
refs 3
35 0.951172 0.253906
23 0.919922 0.003906
18 0.951172 0.003906
SURF 0x10
mat 0
refs 3
35 0.951172 0.253906
23 0.919922 0.003906
34 0.919922 0.253906
SURF 0x10
mat 0
refs 3
18 0.951172 0.003906
23 0.919922 0.003906
35 0.951172 0.253906
SURF 0x10
mat 0
refs 3
26 0.919922 0.003906
37 0.951172 0.253906
36 0.919922 0.253906
SURF 0x10
mat 0
refs 3
26 0.919922 0.003906
30 0.951172 0.003906
37 0.951172 0.253906
SURF 0x10
mat 0
refs 3
36 0.919922 0.253906
37 0.951172 0.253906
26 0.919922 0.003906
SURF 0x10
mat 0
refs 3
26 0.919922 0.003906
37 0.951172 0.253906
30 0.951172 0.003906
SURF 0x10
mat 0
refs 3
39 0.951172 0.253906
38 0.919922 0.253906
40 0.919922 0.003906
SURF 0x10
mat 0
refs 3
39 0.951172 0.253906
40 0.919922 0.003906
41 0.951172 0.003906
SURF 0x10
mat 0
refs 3
39 0.951172 0.253906
40 0.919922 0.003906
38 0.919922 0.253906
SURF 0x10
mat 0
refs 3
41 0.951172 0.003906
40 0.919922 0.003906
39 0.951172 0.253906
SURF 0x10
mat 0
refs 3
34 0.884766 0.003906
43 0.916016 0.253906
33 0.884766 0.253906
SURF 0x10
mat 0
refs 3
34 0.884766 0.003906
42 0.916016 0.003906
43 0.916016 0.253906
SURF 0x10
mat 0
refs 3
34 0.884766 0.003906
33 0.884766 0.253906
43 0.916016 0.253906
SURF 0x10
mat 0
refs 3
34 0.884766 0.003906
43 0.916016 0.253906
42 0.916016 0.003906
SURF 0x10
mat 0
refs 3
38 0.884766 0.003906
45 0.916016 0.253906
44 0.884766 0.253906
SURF 0x10
mat 0
refs 3
38 0.884766 0.003906
39 0.916016 0.003906
45 0.916016 0.253906
SURF 0x10
mat 0
refs 3
38 0.884766 0.003906
44 0.884766 0.253906
45 0.916016 0.253906
SURF 0x10
mat 0
refs 3
38 0.884766 0.003906
45 0.916016 0.253906
39 0.916016 0.003906
SURF 0x10
mat 0
refs 3
4 0.955078 0.003906
48 0.986328 0.066406
46 0.955078 0.066406
SURF 0x10
mat 0
refs 3
4 0.955078 0.003906
47 0.986328 0.003906
48 0.986328 0.066406
SURF 0x10
mat 0
refs 3
4 0.955078 0.003906
46 0.955078 0.066406
48 0.986328 0.066406
SURF 0x10
mat 0
refs 3
4 0.955078 0.003906
48 0.986328 0.066406
47 0.986328 0.003906
SURF 0x10
mat 0
refs 3
4 0.955078 0.003906
48 0.986328 0.066406
46 0.955078 0.066406
SURF 0x10
mat 0
refs 3
4 0.955078 0.003906
47 0.986328 0.003906
48 0.986328 0.066406
SURF 0x10
mat 0
refs 3
4 0.955078 0.003906
46 0.955078 0.066406
48 0.986328 0.066406
SURF 0x10
mat 0
refs 3
4 0.955078 0.003906
48 0.986328 0.066406
47 0.986328 0.003906
SURF 0x10
mat 0
refs 3
9 0.755859 0.261719
51 0.818359 0.324219
49 0.755859 0.324219
SURF 0x10
mat 0
refs 3
9 0.755859 0.261719
50 0.818359 0.261719
51 0.818359 0.324219
SURF 0x10
mat 0
refs 3
9 0.755859 0.261719
49 0.755859 0.324219
51 0.818359 0.324219
SURF 0x10
mat 0
refs 3
9 0.755859 0.261719
51 0.818359 0.324219
50 0.818359 0.261719
SURF 0x10
mat 0
refs 3
52 0.822266 0.324219
15 0.822266 0.261719
53 0.884766 0.324219
SURF 0x10
mat 0
refs 3
53 0.884766 0.324219
15 0.822266 0.261719
54 0.884766 0.261719
SURF 0x10
mat 0
refs 3
53 0.884766 0.324219
15 0.822266 0.261719
52 0.822266 0.324219
SURF 0x10
mat 0
refs 3
53 0.884766 0.324219
54 0.884766 0.261719
15 0.822266 0.261719
SURF 0x10
mat 0
refs 3
58 317.544 0
57 50.9988 0.782486
55 50.9988 0
SURF 0x10
mat 0
refs 3
56 317.544 0.782486
57 50.9988 0.782486
58 317.544 0
SURF 0x10
mat 0
refs 3
56 -46.5032 0.782486
58 -46.5032 0
59 34.8699 0.782486
SURF 0x10
mat 0
refs 3
59 34.8699 0.782486
58 -46.5032 0
60 34.8699 0
SURF 0x10
mat 0
refs 3
62 -82.6347 0.782486
61 -82.6347 0
55 -40.1191 0
SURF 0x10
mat 0
refs 3
62 -82.6347 0.782486
55 -40.1191 0
57 -40.1191 0.782486
SURF 0x10
mat 0
refs 3
60 -318.749 0
63 -50.5435 0
64 -50.5435 0.782486
SURF 0x10
mat 0
refs 3
60 -318.749 0
64 -50.5435 0.782486
59 -318.749 0.782486
SURF 0x10
mat 0
refs 3
62 44.7645 0.782486
66 24.9465 0
61 44.7645 0
SURF 0x10
mat 0
refs 3
62 44.7645 0.782486
65 24.9465 0.782486
66 24.9465 0
SURF 0x10
mat 0
refs 3
64 20.5877 0.782486
63 20.5877 0
67 69.3377 0
SURF 0x10
mat 0
refs 3
64 20.5877 0.782486
67 69.3377 0
68 69.3377 0.782486
SURF 0x10
mat 0
refs 3
67 -43.291 0
69 -21.4965 0
68 -43.291 0.782486
SURF 0x10
mat 0
refs 3
68 -43.291 0.782486
69 -21.4965 0
70 -21.4965 0.782486
kids 0
